1 1 12 13 2
2 2 13 14 3
3 3 14 15 4
4 4 15 16 5
5 5 16 17 6
6 6 17 18 7
7 7 18 19 8
8 8 19 20 9
9 9 20 21 10
10 10 21 22 11
11 12 23 24 13
12 13 24 25 14
13 14 25 26 15
14 15 26 27 16
15 16 27 28 17
16 17 28 29 18
17 18 29 30 19
18 19 30 31 20
19 20 31 32 21
20 21 32 33 22
21 23 34 35 24
22 24 35 36 25
23 25 36 37 26
24 26 37 38 27
25 27 38 39 28
26 28 39 40 29
27 29 40 41 30
28 30 41 42 31
29 31 42 43 32
30 32 43 44 33
31 34 45 46 35
32 35 46 47 36
33 36 47 48 37
34 37 48 49 38
35 38 49 50 39
36 39 50 51 40
37 40 51 52 41
38 41 52 53 42
39 42 53 54 43
40 43 54 55 44
41 45 56 57 46
42 46 57 58 47
43 47 58 59 48
44 48 59 60 49
45 49 60 61 50
46 50 61 62 51
47 51 62 63 52
48 52 63 64 53
49 53 64 65 54
50 54 65 66 55
51 56 67 68 57
52 57 68 69 58
53 58 69 70 59
54 59 70 71 60
55 60 71 72 61
56 61 72 73 62
57 62 73 74 63
58 63 74 75 64
59 64 75 76 65
60 65 76 77 66
61 67 78 79 68
62 68 79 80 69
63 69 80 81 70
64 70 81 82 71
65 71 82 83 72
66 72 83 84 73
67 73 84 85 74
68 74 85 86 75
69 75 86 87 76
70 76 87 88 77
71 78 89 90 79
72 79 90 91 80
73 80 91 92 81
74 81 92 93 82
75 82 93 94 83
76 83 94 95 84
77 84 95 96 85
78 85 96 97 86
79 86 97 98 87
80 87 98 99 88
81 89 100 101 90
82 90 101 102 91
83 91 102 103 92
84 92 103 104 93
85 93 104 105 94
86 94 105 106 95
87 95 106 107 96
88 96 107 108 97
89 97 108 109 98
90 98 109 110 99
91	100	121	122	101
92	101	122	123	102
93	102	123	124	103
94	103	124	125	104
95	104	125	126	105
96	105	126	127	106
97	106	127	128	107
98	107	128	129	108
99	108	129	130	109
100	109	130	131	110
101 111 132 133 112
102 112 133 134 113
103 113 134 135 114
104 114 135 136 115
105 115 136 137 116
106 116 137 138 117
107 117 138 139 118
108 118 139 140 119
109 119 140 141 120
110 120 141 142 121
111 121 142 143 122
112 122 143 144 123
113 123 144 145 124
114 124 145 146 125
115 125 146 147 126
116 126 147 148 127
117 127 148 149 128
118 128 149 150 129
119 129 150 151 130
120 130 151 152 131
121 132 153 154 133
122 133 154 155 134
123 134 155 156 135
124 135 156 157 136
125 136 157 158 137
126 137 158 159 138
127 138 159 160 139
128 139 160 161 140
129 140 161 162 141
130 141 162 163 142
131 142 163 164 143
132 143 164 165 144
133 144 165 166 145
134 145 166 167 146
135 146 167 168 147
136 147 168 169 148
137 148 169 170 149
138 149 170 171 150
139 150 171 172 151
140 151 172 173 152
141 153 174 175 154
142 154 175 176 155
143 155 176 177 156
144 156 177 178 157
145 157 178 179 158
146 158 179 180 159
147 159 180 181 160
148 160 181 182 161
149 161 182 183 162
150 162 183 184 163
151 163 184 185 164
152 164 185 186 165
153 165 186 187 166
154 166 187 188 167
155 167 188 189 168
156 168 189 190 169
157 169 190 191 170
158 170 191 192 171
159 171 192 193 172
160 172 193 194 173
161 174 195 196 175
162 175 196 197 176
163 176 197 198 177
164 177 198 199 178
165 178 199 200 179
166 179 200 201 180
167 180 201 202 181
168 181 202 203 182
169 182 203 204 183
170 183 204 205 184
171 184 205 206 185
172 185 206 207 186
173 186 207 208 187
174 187 208 209 188
175 188 209 210 189
176 189 210 211 190
177 190 211 212 191
178 191 212 213 192
179 192 213 214 193
180 193 214 215 194
181 195 216 217 196
182 196 217 218 197
183 197 218 219 198
184 198 219 220 199
185 199 220 221 200
186 200 221 222 201
187 201 222 223 202
188 202 223 224 203
189 203 224 225 204
190 204 225 226 205
191 205 226 227 206
192 206 227 228 207
193 207 228 229 208
194 208 229 230 209
195 209 230 231 210
196 210 231 232 211
197 211 232 233 212
198 212 233 234 213
199 213 234 235 214
200 214 235 236 215
201 216 237 238 217
202 217 238 239 218
203 218 239 240 219
204 219 240 241 220
205 220 241 242 221
206 221 242 243 222
207 222 243 244 223
208 223 244 245 224
209 224 245 246 225
210 225 246 247 226
211 226 247 248 227
212 227 248 249 228
213 228 249 250 229
214 229 250 251 230
215 230 251 252 231
216 231 252 253 232
217 232 253 254 233
218 233 254 255 234
219 234 255 256 235
220 235 256 257 236
221 237 258 259 238
222 238 259 260 239
223 239 260 261 240
224 240 261 262 241
225 241 262 263 242
226 242 263 264 243
227 243 264 265 244
228 244 265 266 245
229 245 266 267 246
230 246 267 268 247
231 247 268 269 248
232 248 269 270 249
233 249 270 271 250
234 250 271 272 251
235 251 272 273 252
236 252 273 274 253
237 253 274 275 254
238 254 275 276 255
239 255 276 277 256
240 256 277 278 257
241 258 279 280 259
242 259 280 281 260
243 260 281 282 261
244 261 282 283 262
245 262 283 284 263
246 263 284 285 264
247 264 285 286 265
248 265 286 287 266
249 266 287 288 267
250 267 288 289 268
251 268 289 290 269
252 269 290 291 270
253 270 291 292 271
254 271 292 293 272
255 272 293 294 273
256 273 294 295 274
257 274 295 296 275
258 275 296 297 276
259 276 297 298 277
260 277 298 299 278
261 279 300 301 280
262 280 301 302 281
263 281 302 303 282
264 282 303 304 283
265 283 304 305 284
266 284 305 306 285
267 285 306 307 286
268 286 307 308 287
269 287 308 309 288
270 288 309 310 289
271 289 310 311 290
272 290 311 312 291
273 291 312 313 292
274 292 313 314 293
275 293 314 315 294
276 294 315 316 295
277 295 316 317 296
278 296 317 318 297
279 297 318 319 298
280 298 319 320 299
281 300 321 322 301
282 301 322 323 302
283 302 323 324 303
284 303 324 325 304
285 304 325 326 305
286 305 326 327 306
287 306 327 328 307
288 307 328 329 308
289 308 329 330 309
290 309 330 331 310
291 310 331 332 311
292 311 332 333 312
293 312 333 334 313
294 313 334 335 314
295 314 335 336 315
296 315 336 337 316
297 316 337 338 317
298 317 338 339 318
299 318 339 340 319
300 319 340 341 320