9 3 -1 3 0 
8 3 -1 3 0 
7 3 -1 3 0 
6 3 -1 3 0 
5 3 -1 3 0 
4 3 -1 3 0 
3 3 -1 3 0 
2 3 -1 3 0 
1 3 -1 3 0 
0 3 -1 3 0 
0 0 1 0 1 
10 0 1 0 1 
20 0 1 0 1 
30 0 1 0 1 
40 0 1 0 1 
50 0 1 0 1 
60 0 1 0 1 
70 0 1 0 1 
80 0 1 0 1 
90 0 1 0 1
100 0 1 0 1 
120 0 1 0 1 
140 0 1 0 1 
160 0 1 0 1 
180 0 1 0 1 
200 0 1 0 1 
220 0 1 0 1 
240 0 1 0 1 
260 0 1 0 1 
280 0 1 0 1 
280 1 6 1 2 
281 1 6 1 2 
282 1 6 1 2 
283 1 6 1 2 
284 1 6 1 2 
285 1 6 1 2 
286 1 6 1 2 
287 1 6 1 2 
288 1 6 1 2 
289 1 6 1 2 
290 1 6 1 2 
291 1 6 1 2 
292 1 6 1 2 
293 1 6 1 2 
294 1 6 1 2 
295 1 6 1 2 
296 1 6 1 2 
297 1 6 1 2 
298 1 6 1 2 
299 1 6 1 2 
299 2 1 2 3 
279 2 1 2 3 
259 2 1 2 3 
239 2 1 2 3 
219 2 1 2 3 
199 2 1 2 3 
179 2 1 2 3 
159 2 1 2 3 
139 2 1 2 3 
119 2 1 2 3 
99 2 1 2 3
89 2 1 2 3 
79 2 1 2 3 
69 2 1 2 3 
59 2 1 2 3 
49 2 1 2 3 
39 2 1 2 3 
29 2 1 2 3 
19 2 1 2 3 
9 2 1 2 3 
101 3 1 3 0 
102 3 1 3 0 
103 3 1 3 0 
104 3 1 3 0 
105 3 1 3 0 
106 3 1 3 0 
107 3 1 3 0 
108 3 1 3 0 
109 3 1 3 0 
110 3 1 3 0 