1 -1 1 1 0 0 1 -1
2 -1 1.1 1 0.04 0 1.0008 -1
3 -1 1.2 1 0.16 0 1.0128 -1
4 -1 1.3 1 0.36 0 1.0648 -1
5 -1 1.4 1 0.64 0 1.2048 -1
6 -1 1.5 1 1 0 1.5 -1
7 -1 1.6 1 0.64 0 1.2048 -1
8 -1 1.7 1 0.36 0 1.0648 -1
9 -1 1.8 1 0.16 0 1.0128 -1
10 -1 1.9 1 0.04 0 1.0008 -1
11 -1 2 1 0 0 1 -1
12 -0.888889 1 1 0 0 1 1
13 -0.888889 1.1 1 0 0 1 0
14 -0.888889 1.2 1 0 0 1 0
15 -0.888889 1.3 1 0 0 1 0
16 -0.888889 1.4 1 0 0 1 0
17 -0.888889 1.5 1 0 0 1 0
18 -0.888889 1.6 1 0 0 1 0
19 -0.888889 1.7 1 0 0 1 0
20 -0.888889 1.8 1 0 0 1 0
21 -0.888889 1.9 1 0 0 1 0
22 -0.888889 2 1 0 0 1 1
23 -0.777778 1 1 0 0 1 1
24 -0.777778 1.1 1 0 0 1 0
25 -0.777778 1.2 1 0 0 1 0
26 -0.777778 1.3 1 0 0 1 0
27 -0.777778 1.4 1 0 0 1 0
28 -0.777778 1.5 1 0 0 1 0
29 -0.777778 1.6 1 0 0 1 0
30 -0.777778 1.7 1 0 0 1 0
31 -0.777778 1.8 1 0 0 1 0
32 -0.777778 1.9 1 0 0 1 0
33 -0.777778 2 1 0 0 1 1
34 -0.666667 1 1 0 0 1 1
35 -0.666667 1.1 1 0 0 1 0
36 -0.666667 1.2 1 0 0 1 0
37 -0.666667 1.3 1 0 0 1 0
38 -0.666667 1.4 1 0 0 1 0
39 -0.666667 1.5 1 0 0 1 0
40 -0.666667 1.6 1 0 0 1 0
41 -0.666667 1.7 1 0 0 1 0
42 -0.666667 1.8 1 0 0 1 0
43 -0.666667 1.9 1 0 0 1 0
44 -0.666667 2 1 0 0 1 1
45 -0.555556 1 1 0 0 1 1
46 -0.555556 1.1 1 0 0 1 0
47 -0.555556 1.2 1 0 0 1 0
48 -0.555556 1.3 1 0 0 1 0
49 -0.555556 1.4 1 0 0 1 0
50 -0.555556 1.5 1 0 0 1 0
51 -0.555556 1.6 1 0 0 1 0
52 -0.555556 1.7 1 0 0 1 0
53 -0.555556 1.8 1 0 0 1 0
54 -0.555556 1.9 1 0 0 1 0
55 -0.555556 2 1 0 0 1 1
56 -0.444444 1 1 0 0 1 1
57 -0.444444 1.1 1 0 0 1 0
58 -0.444444 1.2 1 0 0 1 0
59 -0.444444 1.3 1 0 0 1 0
60 -0.444444 1.4 1 0 0 1 0
61 -0.444444 1.5 1 0 0 1 0
62 -0.444444 1.6 1 0 0 1 0
63 -0.444444 1.7 1 0 0 1 0
64 -0.444444 1.8 1 0 0 1 0
65 -0.444444 1.9 1 0 0 1 0
66 -0.444444 2 1 0 0 1 1
67 -0.333333 1 1 0 0 1 1
68 -0.333333 1.1 1 0 0 1 0
69 -0.333333 1.2 1 0 0 1 0
70 -0.333333 1.3 1 0 0 1 0
71 -0.333333 1.4 1 0 0 1 0
72 -0.333333 1.5 1 0 0 1 0
73 -0.333333 1.6 1 0 0 1 0
74 -0.333333 1.7 1 0 0 1 0
75 -0.333333 1.8 1 0 0 1 0
76 -0.333333 1.9 1 0 0 1 0
77 -0.333333 2 1 0 0 1 1
78 -0.222222 1 1 0 0 1 1
79 -0.222222 1.1 1 0 0 1 0
80 -0.222222 1.2 1 0 0 1 0
81 -0.222222 1.3 1 0 0 1 0
82 -0.222222 1.4 1 0 0 1 0
83 -0.222222 1.5 1 0 0 1 0
84 -0.222222 1.6 1 0 0 1 0
85 -0.222222 1.7 1 0 0 1 0
86 -0.222222 1.8 1 0 0 1 0
87 -0.222222 1.9 1 0 0 1 0
88 -0.222222 2 1 0 0 1 1
89 -0.111111 1 1 0 0 1 1
90 -0.111111 1.1 1 0 0 1 0
91 -0.111111 1.2 1 0 0 1 0
92 -0.111111 1.3 1 0 0 1 0
93 -0.111111 1.4 1 0 0 1 0
94 -0.111111 1.5 1 0 0 1 0
95 -0.111111 1.6 1 0 0 1 0
96 -0.111111 1.7 1 0 0 1 0
97 -0.111111 1.8 1 0 0 1 0
98 -0.111111 1.9 1 0 0 1 0
99 -0.111111 2 1 0 0 1 1
100 0 1 1 0 0 1 1
101 0 1.1 1 0 0 1 0
102 0 1.2 1 0 0 1 0
103 0 1.3 1 0 0 1 0
104 0 1.4 1 0 0 1 0
105 0 1.5 1 0 0 1 0
106 0 1.6 1 0 0 1 0
107 0 1.7 1 0 0 1 0
108 0 1.8 1 0 0 1 0
109 0 1.9 1 0 0 1 0
110 0 2 1 0 0 1 1
111 0.1 0 1 0 0 1 1
112 0.1 0.1 1 0 0 1 0
113 0.1 0.2 1 0 0 1 0
114 0.1 0.3 1 0 0 1 0
115 0.1 0.4 1 0 0 1 0
116 0.1 0.5 1 0 0 1 0
117 0.1 0.6 1 0 0 1 0
118 0.1 0.7 1 0 0 1 0
119 0.1 0.8 1 0 0 1 0
120 0.1 0.9 1 0 0 1 0
121 0.1 1 1 0 0 1 0
122 0.1 1.1 1 0 0 1 0
123 0.1 1.2 1 0 0 1 0
124 0.1 1.3 1 0 0 1 0
125 0.1 1.4 1 0 0 1 0
126 0.1 1.5 1 0 0 1 0
127 0.1 1.6 1 0 0 1 0
128 0.1 1.7 1 0 0 1 0
129 0.1 1.8 1 0 0 1 0
130 0.1 1.9 1 0 0 1 0
131 0.1 2 1 0 0 1 1
132 0.2 0 1 0 0 1 1
133 0.2 0.1 1 0 0 1 0
134 0.2 0.2 1 0 0 1 0
135 0.2 0.3 1 0 0 1 0
136 0.2 0.4 1 0 0 1 0
137 0.2 0.5 1 0 0 1 0
138 0.2 0.6 1 0 0 1 0
139 0.2 0.7 1 0 0 1 0
140 0.2 0.8 1 0 0 1 0
141 0.2 0.9 1 0 0 1 0
142 0.2 1 1 0 0 1 0
143 0.2 1.1 1 0 0 1 0
144 0.2 1.2 1 0 0 1 0
145 0.2 1.3 1 0 0 1 0
146 0.2 1.4 1 0 0 1 0
147 0.2 1.5 1 0 0 1 0
148 0.2 1.6 1 0 0 1 0
149 0.2 1.7 1 0 0 1 0
150 0.2 1.8 1 0 0 1 0
151 0.2 1.9 1 0 0 1 0
152 0.2 2 1 0 0 1 1
153 0.3 0 1 0 0 1 1
154 0.3 0.1 1 0 0 1 0
155 0.3 0.2 1 0 0 1 0
156 0.3 0.3 1 0 0 1 0
157 0.3 0.4 1 0 0 1 0
158 0.3 0.5 1 0 0 1 0
159 0.3 0.6 1 0 0 1 0
160 0.3 0.7 1 0 0 1 0
161 0.3 0.8 1 0 0 1 0
162 0.3 0.9 1 0 0 1 0
163 0.3 1 1 0 0 1 0
164 0.3 1.1 1 0 0 1 0
165 0.3 1.2 1 0 0 1 0
166 0.3 1.3 1 0 0 1 0
167 0.3 1.4 1 0 0 1 0
168 0.3 1.5 1 0 0 1 0
169 0.3 1.6 1 0 0 1 0
170 0.3 1.7 1 0 0 1 0
171 0.3 1.8 1 0 0 1 0
172 0.3 1.9 1 0 0 1 0
173 0.3 2 1 0 0 1 1
174 0.4 0 1 0 0 1 1
175 0.4 0.1 1 0 0 1 0
176 0.4 0.2 1 0 0 1 0
177 0.4 0.3 1 0 0 1 0
178 0.4 0.4 1 0 0 1 0
179 0.4 0.5 1 0 0 1 0
180 0.4 0.6 1 0 0 1 0
181 0.4 0.7 1 0 0 1 0
182 0.4 0.8 1 0 0 1 0
183 0.4 0.9 1 0 0 1 0
184 0.4 1 1 0 0 1 0
185 0.4 1.1 1 0 0 1 0
186 0.4 1.2 1 0 0 1 0
187 0.4 1.3 1 0 0 1 0
188 0.4 1.4 1 0 0 1 0
189 0.4 1.5 1 0 0 1 0
190 0.4 1.6 1 0 0 1 0
191 0.4 1.7 1 0 0 1 0
192 0.4 1.8 1 0 0 1 0
193 0.4 1.9 1 0 0 1 0
194 0.4 2 1 0 0 1 1
195 0.5 0 1 0 0 1 1
196 0.5 0.1 1 0 0 1 0
197 0.5 0.2 1 0 0 1 0
198 0.5 0.3 1 0 0 1 0
199 0.5 0.4 1 0 0 1 0
200 0.5 0.5 1 0 0 1 0
201 0.5 0.6 1 0 0 1 0
202 0.5 0.7 1 0 0 1 0
203 0.5 0.8 1 0 0 1 0
204 0.5 0.9 1 0 0 1 0
205 0.5 1 1 0 0 1 0
206 0.5 1.1 1 0 0 1 0
207 0.5 1.2 1 0 0 1 0
208 0.5 1.3 1 0 0 1 0
209 0.5 1.4 1 0 0 1 0
210 0.5 1.5 1 0 0 1 0
211 0.5 1.6 1 0 0 1 0
212 0.5 1.7 1 0 0 1 0
213 0.5 1.8 1 0 0 1 0
214 0.5 1.9 1 0 0 1 0
215 0.5 2 1 0 0 1 1
216 0.6 0 1 0 0 1 1
217 0.6 0.1 1 0 0 1 0
218 0.6 0.2 1 0 0 1 0
219 0.6 0.3 1 0 0 1 0
220 0.6 0.4 1 0 0 1 0
221 0.6 0.5 1 0 0 1 0
222 0.6 0.6 1 0 0 1 0
223 0.6 0.7 1 0 0 1 0
224 0.6 0.8 1 0 0 1 0
225 0.6 0.9 1 0 0 1 0
226 0.6 1 1 0 0 1 0
227 0.6 1.1 1 0 0 1 0
228 0.6 1.2 1 0 0 1 0
229 0.6 1.3 1 0 0 1 0
230 0.6 1.4 1 0 0 1 0
231 0.6 1.5 1 0 0 1 0
232 0.6 1.6 1 0 0 1 0
233 0.6 1.7 1 0 0 1 0
234 0.6 1.8 1 0 0 1 0
235 0.6 1.9 1 0 0 1 0
236 0.6 2 1 0 0 1 1
237 0.7 0 1 0 0 1 1
238 0.7 0.1 1 0 0 1 0
239 0.7 0.2 1 0 0 1 0
240 0.7 0.3 1 0 0 1 0
241 0.7 0.4 1 0 0 1 0
242 0.7 0.5 1 0 0 1 0
243 0.7 0.6 1 0 0 1 0
244 0.7 0.7 1 0 0 1 0
245 0.7 0.8 1 0 0 1 0
246 0.7 0.9 1 0 0 1 0
247 0.7 1 1 0 0 1 0
248 0.7 1.1 1 0 0 1 0
249 0.7 1.2 1 0 0 1 0
250 0.7 1.3 1 0 0 1 0
251 0.7 1.4 1 0 0 1 0
252 0.7 1.5 1 0 0 1 0
253 0.7 1.6 1 0 0 1 0
254 0.7 1.7 1 0 0 1 0
255 0.7 1.8 1 0 0 1 0
256 0.7 1.9 1 0 0 1 0
257 0.7 2 1 0 0 1 1
258 0.8 0 1 0 0 1 1
259 0.8 0.1 1 0 0 1 0
260 0.8 0.2 1 0 0 1 0
261 0.8 0.3 1 0 0 1 0
262 0.8 0.4 1 0 0 1 0
263 0.8 0.5 1 0 0 1 0
264 0.8 0.6 1 0 0 1 0
265 0.8 0.7 1 0 0 1 0
266 0.8 0.8 1 0 0 1 0
267 0.8 0.9 1 0 0 1 0
268 0.8 1 1 0 0 1 0
269 0.8 1.1 1 0 0 1 0
270 0.8 1.2 1 0 0 1 0
271 0.8 1.3 1 0 0 1 0
272 0.8 1.4 1 0 0 1 0
273 0.8 1.5 1 0 0 1 0
274 0.8 1.6 1 0 0 1 0
275 0.8 1.7 1 0 0 1 0
276 0.8 1.8 1 0 0 1 0
277 0.8 1.9 1 0 0 1 0
278 0.8 2 1 0 0 1 1
279 0.9 0 1 0 0 1 1
280 0.9 0.1 1 0 0 1 0
281 0.9 0.2 1 0 0 1 0
282 0.9 0.3 1 0 0 1 0
283 0.9 0.4 1 0 0 1 0
284 0.9 0.5 1 0 0 1 0
285 0.9 0.6 1 0 0 1 0
286 0.9 0.7 1 0 0 1 0
287 0.9 0.8 1 0 0 1 0
288 0.9 0.9 1 0 0 1 0
289 0.9 1 1 0 0 1 0
290 0.9 1.1 1 0 0 1 0
291 0.9 1.2 1 0 0 1 0
292 0.9 1.3 1 0 0 1 0
293 0.9 1.4 1 0 0 1 0
294 0.9 1.5 1 0 0 1 0
295 0.9 1.6 1 0 0 1 0
296 0.9 1.7 1 0 0 1 0
297 0.9 1.8 1 0 0 1 0
298 0.9 1.9 1 0 0 1 0
299 0.9 2 1 0 0 1 1
300 1 0 1 0 0 1 1
301 1 0.1 1 0 0 1 0
302 1 0.2 1 0 0 1 0
303 1 0.3 1 0 0 1 0
304 1 0.4 1 0 0 1 0
305 1 0.5 1 0 0 1 0
306 1 0.6 1 0 0 1 0
307 1 0.7 1 0 0 1 0
308 1 0.8 1 0 0 1 0
309 1 0.9 1 0 0 1 0
310 1 1 1 0 0 1 0
311 1 1.1 1 0 0 1 0
312 1 1.2 1 0 0 1 0
313 1 1.3 1 0 0 1 0
314 1 1.4 1 0 0 1 0
315 1 1.5 1 0 0 1 0
316 1 1.6 1 0 0 1 0
317 1 1.7 1 0 0 1 0
318 1 1.8 1 0 0 1 0
319 1 1.9 1 0 0 1 0
320 1 2 1 0 0 1 1
321 1.1 0 1 0 0 1 1
322 1.1 0.1 1 0 0 1 6
323 1.1 0.2 1 0 0 1 6
324 1.1 0.3 1 0 0 1 6
325 1.1 0.4 1 0 0 1 6
326 1.1 0.5 1 0 0 1 6
327 1.1 0.6 1 0 0 1 6
328 1.1 0.7 1 0 0 1 6
329 1.1 0.8 1 0 0 1 6
330 1.1 0.9 1 0 0 1 6
331 1.1 1 1 0 0 1 6
332 1.1 1.1 1 0 0 1 6
333 1.1 1.2 1 0 0 1 6
334 1.1 1.3 1 0 0 1 6
335 1.1 1.4 1 0 0 1 6
336 1.1 1.5 1 0 0 1 6
337 1.1 1.6 1 0 0 1 6
338 1.1 1.7 1 0 0 1 6
339 1.1 1.8 1 0 0 1 6
340 1.1 1.9 1 0 0 1 6
341 1.1 2 1 0 0 1 1