0	1	1	1	2	
99	1	1	1	2	
198	1	1	1	2	
297	1	1	1	2	
396	1	1	1	2	
495	1	1	1	2	
594	1	1	1	2	
693	1	1	1	2	
792	1	1	1	2	
891	1	1	1	2	
990	1	1	1	2	
1089	1	1	1	2	
1188	1	1	1	2	
1287	1	1	1	2	
1386	1	1	1	2	
1485	1	1	1	2	
1584	1	1	1	2	
1683	1	1	1	2	
1782	1	1	1	2	
1881	1	1	1	2	
1980	1	1	1	2	
2079	1	1	1	2	
2178	1	1	1	2	
2277	1	1	1	2	
2376	1	1	1	2	
2475	1	1	1	2	
2574	1	1	1	2	
2673	1	1	1	2	
2772	1	1	1	2	
2871	1	1	1	2	
2970	1	1	1	2	
3069	1	1	1	2	
3168	1	1	1	2	
3267	1	1	1	2	
3366	1	1	1	2	
3465	1	1	1	2	
3564	1	1	1	2	
3663	1	1	1	2	
3762	1	1	1	2	
3861	1	1	1	2	
3960	1	1	1	2	
4059	1	1	1	2	
4158	1	1	1	2	
4257	1	1	1	2	
4356	1	1	1	2	
4455	1	1	1	2	
4554	1	1	1	2	
4653	1	1	1	2	
4752	1	1	1	2	
4851	1	1	1	2	
4950	1	1	1	2	
5049	1	1	1	2	
5148	1	1	1	2	
5247	1	1	1	2	
5346	1	1	1	2	
5445	1	1	1	2	
5544	1	1	1	2	
5643	1	1	1	2	
5742	1	1	1	2	
5841	1	1	1	2	
5940	1	1	1	2	
6039	1	1	1	2	
6138	1	1	1	2	
6237	1	1	1	2	
6336	1	1	1	2	
6435	1	1	1	2	
6534	1	1	1	2	
6633	1	1	1	2	
6732	1	1	1	2	
6831	1	1	1	2	
6930	1	1	1	2	
7029	1	1	1	2	
7128	1	1	1	2	
7227	1	1	1	2	
7326	1	1	1	2	
7425	1	1	1	2	
7524	1	1	1	2	
7623	1	1	1	2	
7722	1	1	1	2	
7821	1	1	1	2	
7920	1	1	1	2	
8019	1	1	1	2	
8118	1	1	1	2	
8217	1	1	1	2	
8316	1	1	1	2	
8415	1	1	1	2	
8514	1	1	1	2	
8613	1	1	1	2	
8712	1	1	1	2	
8811	1	1	1	2	
8910	1	1	1	2	
9009	1	1	1	2	
9108	1	1	1	2	
9207	1	1	1	2	
9306	1	1	1	2	
9405	1	1	1	2	
9504	1	1	1	2	
9603	1	1	1	2	
9702	1	1	1	2	
98	3	1	3	0	
197	3	1	3	0	
296	3	1	3	0	
395	3	1	3	0	
494	3	1	3	0	
593	3	1	3	0	
692	3	1	3	0	
791	3	1	3	0	
890	3	1	3	0	
989	3	1	3	0	
1088	3	1	3	0	
1187	3	1	3	0	
1286	3	1	3	0	
1385	3	1	3	0	
1484	3	1	3	0	
1583	3	1	3	0	
1682	3	1	3	0	
1781	3	1	3	0	
1880	3	1	3	0	
1979	3	1	3	0	
2078	3	1	3	0	
2177	3	1	3	0	
2276	3	1	3	0	
2375	3	1	3	0	
2474	3	1	3	0	
2573	3	1	3	0	
2672	3	1	3	0	
2771	3	1	3	0	
2870	3	1	3	0	
2969	3	1	3	0	
3068	3	1	3	0	
3167	3	1	3	0	
3266	3	1	3	0	
3365	3	1	3	0	
3464	3	1	3	0	
3563	3	1	3	0	
3662	3	1	3	0	
3761	3	1	3	0	
3860	3	1	3	0	
3959	3	1	3	0	
4058	3	1	3	0	
4157	3	1	3	0	
4256	3	1	3	0	
4355	3	1	3	0	
4454	3	1	3	0	
4553	3	1	3	0	
4652	3	1	3	0	
4751	3	1	3	0	
4850	3	1	3	0	
4949	3	1	3	0	
5048	3	1	3	0	
5147	3	1	3	0	
5246	3	1	3	0	
5345	3	1	3	0	
5444	3	1	3	0	
5543	3	1	3	0	
5642	3	1	3	0	
5741	3	1	3	0	
5840	3	1	3	0	
5939	3	1	3	0	
6038	3	1	3	0	
6137	3	1	3	0	
6236	3	1	3	0	
6335	3	1	3	0	
6434	3	1	3	0	
6533	3	1	3	0	
6632	3	1	3	0	
6731	3	1	3	0	
6830	3	1	3	0	
6929	3	1	3	0	
7028	3	1	3	0	
7127	3	1	3	0	
7226	3	1	3	0	
7325	3	1	3	0	
7424	3	1	3	0	
7523	3	1	3	0	
7622	3	1	3	0	
7721	3	1	3	0	
7820	3	1	3	0	
7919	3	1	3	0	
8018	3	1	3	0	
8117	3	1	3	0	
8216	3	1	3	0	
8315	3	1	3	0	
8414	3	1	3	0	
8513	3	1	3	0	
8612	3	1	3	0	
8711	3	1	3	0	
8810	3	1	3	0	
8909	3	1	3	0	
9008	3	1	3	0	
9107	3	1	3	0	
9206	3	1	3	0	
9305	3	1	3	0	
9404	3	1	3	0	
9503	3	1	3	0	
9602	3	1	3	0	
9701	3	1	3	0	
9800	3	1	3	0	
0	0	1	0	1	
1	0	1	0	1	
2	0	1	0	1	
3	0	1	0	1	
4	0	1	0	1	
5	0	1	0	1	
6	0	1	0	1	
7	0	1	0	1	
8	0	1	0	1	
9	0	1	0	1	
10	0	1	0	1	
11	0	1	0	1	
12	0	1	0	1	
13	0	1	0	1	
14	0	1	0	1	
15	0	1	0	1	
16	0	1	0	1	
17	0	1	0	1	
18	0	1	0	1	
19	0	1	0	1	
20	0	1	0	1	
21	0	1	0	1	
22	0	1	0	1	
23	0	1	0	1	
24	0	1	0	1	
25	0	1	0	1	
26	0	1	0	1	
27	0	1	0	1	
28	0	1	0	1	
29	0	1	0	1	
30	0	1	0	1	
31	0	1	0	1	
32	0	1	0	1	
33	0	1	0	1	
34	0	1	0	1	
35	0	1	0	1	
36	0	1	0	1	
37	0	1	0	1	
38	0	1	0	1	
39	0	1	0	1	
40	0	1	0	1	
41	0	1	0	1	
42	0	1	0	1	
43	0	1	0	1	
44	0	1	0	1	
45	0	1	0	1	
46	0	1	0	1	
47	0	1	0	1	
48	0	1	0	1	
49	0	1	0	1	
50	0	1	0	1	
51	0	1	0	1	
52	0	1	0	1	
53	0	1	0	1	
54	0	1	0	1	
55	0	1	0	1	
56	0	1	0	1	
57	0	1	0	1	
58	0	1	0	1	
59	0	1	0	1	
60	0	1	0	1	
61	0	1	0	1	
62	0	1	0	1	
63	0	1	0	1	
64	0	1	0	1	
65	0	1	0	1	
66	0	1	0	1	
67	0	1	0	1	
68	0	1	0	1	
69	0	1	0	1	
70	0	1	0	1	
71	0	1	0	1	
72	0	1	0	1	
73	0	1	0	1	
74	0	1	0	1	
75	0	1	0	1	
76	0	1	0	1	
77	0	1	0	1	
78	0	1	0	1	
79	0	1	0	1	
80	0	1	0	1	
81	0	1	0	1	
82	0	1	0	1	
83	0	1	0	1	
84	0	1	0	1	
85	0	1	0	1	
86	0	1	0	1	
87	0	1	0	1	
88	0	1	0	1	
89	0	1	0	1	
90	0	1	0	1	
91	0	1	0	1	
92	0	1	0	1	
93	0	1	0	1	
94	0	1	0	1	
95	0	1	0	1	
96	0	1	0	1	
97	0	1	0	1	
98	0	1	0	1	
9702	2	-1	2	3	
9703	2	-1	2	3	
9704	2	-1	2	3	
9705	2	-1	2	3	
9706	2	-1	2	3	
9707	2	-1	2	3	
9708	2	-1	2	3	
9709	2	-1	2	3	
9710	2	-1	2	3	
9711	2	-1	2	3	
9712	2	-1	2	3	
9713	2	-1	2	3	
9714	2	-1	2	3	
9715	2	-1	2	3	
9716	2	-1	2	3	
9717	2	-1	2	3	
9718	2	-1	2	3	
9719	2	-1	2	3	
9720	2	-1	2	3	
9721	2	-1	2	3	
9722	2	-1	2	3	
9723	2	-1	2	3	
9724	2	-1	2	3	
9725	2	-1	2	3	
9726	2	-1	2	3	
9727	2	-1	2	3	
9728	2	-1	2	3	
9729	2	-1	2	3	
9730	2	-1	2	3	
9731	2	-1	2	3	
9732	2	-1	2	3	
9733	2	-1	2	3	
9734	2	-1	2	3	
9735	2	-1	2	3	
9736	2	-1	2	3	
9737	2	-1	2	3	
9738	2	-1	2	3	
9739	2	-1	2	3	
9740	2	-1	2	3	
9741	2	-1	2	3	
9742	2	-1	2	3	
9743	2	-1	2	3	
9744	2	-1	2	3	
9745	2	-1	2	3	
9746	2	-1	2	3	
9747	2	-1	2	3	
9748	2	-1	2	3	
9749	2	-1	2	3	
9750	2	-1	2	3	
9751	2	-1	2	3	
9752	2	-1	2	3	
9753	2	-1	2	3	
9754	2	-1	2	3	
9755	2	-1	2	3	
9756	2	-1	2	3	
9757	2	-1	2	3	
9758	2	-1	2	3	
9759	2	-1	2	3	
9760	2	-1	2	3	
9761	2	-1	2	3	
9762	2	-1	2	3	
9763	2	-1	2	3	
9764	2	-1	2	3	
9765	2	-1	2	3	
9766	2	-1	2	3	
9767	2	-1	2	3	
9768	2	-1	2	3	
9769	2	-1	2	3	
9770	2	-1	2	3	
9771	2	-1	2	3	
9772	2	-1	2	3	
9773	2	-1	2	3	
9774	2	-1	2	3	
9775	2	-1	2	3	
9776	2	-1	2	3	
9777	2	-1	2	3	
9778	2	-1	2	3	
9779	2	-1	2	3	
9780	2	-1	2	3	
9781	2	-1	2	3	
9782	2	-1	2	3	
9783	2	-1	2	3	
9784	2	-1	2	3	
9785	2	-1	2	3	
9786	2	-1	2	3	
9787	2	-1	2	3	
9788	2	-1	2	3	
9789	2	-1	2	3	
9790	2	-1	2	3	
9791	2	-1	2	3	
9792	2	-1	2	3	
9793	2	-1	2	3	
9794	2	-1	2	3	
9795	2	-1	2	3	
9796	2	-1	2	3	
9797	2	-1	2	3	
9798	2	-1	2	3	
9799	2	-1	2	3	
9800	2	-1	2	3	
