1
elemin, elemax, nodemin, nodemax, nedgenode_l, nedgenode_r, NodeIteratorMin, NodeIteratorMax
0 9801 0 9999 0 0 0 9999
2
elemin, elemax, nodemin, nodemax, nedgenode_l, nedgenode_r, NodeIteratorMin, NodeIteratorMax
0 4900 0 5049 0 101 0 4948
4900 9801 4949 9999 101 0 4949 9999
3
elemin, elemax, nodemin, nodemax, nedgenode_l, nedgenode_r, NodeIteratorMin, NodeIteratorMax
0 3267 0 3399 0 100 0 3299
3267 6534 3300 6699 100 100 3300 6599
6534 9801 6600 9999 100 0 6600 9999
4
elemin, elemax, nodemin, nodemax, nedgenode_l, nedgenode_r, NodeIteratorMin, NodeIteratorMax
0 2450 0 2574 0 101 0 2473
2450 4900 2474 5049 101 101 2474 4948
4900 7350 4949 7524 101 101 4949 7423
7350 9801 7424 9999 101 0 7424 9999
5
elemin, elemax, nodemin, nodemax, nedgenode_l, nedgenode_r, NodeIteratorMin, NodeIteratorMax
0 1960 0 2079 0 101 0 1978
1960 3920 1979 4059 101 101 1979 3958
3920 5880 3959 6039 101 101 3959 5938
5880 7840 5939 8019 101 101 5939 7918
7840 9801 7919 9999 101 0 7919 9999
6
elemin, elemax, nodemin, nodemax, nedgenode_l, nedgenode_r, NodeIteratorMin, NodeIteratorMax
0 1633 0 1749 0 101 0 1648
1633 3266 1649 3398 101 101 1649 3297
3266 4899 3298 5048 101 101 3298 4947
4899 6532 4948 6697 101 101 4948 6596
6532 8165 6597 8347 101 101 6597 8246
8165 9801 8247 9999 101 0 8247 9999
7
elemin, elemax, nodemin, nodemax, nedgenode_l, nedgenode_r, NodeIteratorMin, NodeIteratorMax
0 1400 0 1514 0 101 0 1413
1400 2800 1414 2928 101 101 1414 2827
2800 4200 2828 4342 101 101 2828 4241
4200 5600 4242 5756 101 101 4242 5655
5600 7000 5656 7170 101 101 5656 7069
7000 8400 7070 8584 101 101 7070 8483
8400 9801 8484 9999 101 0 8484 9999
8
elemin, elemax, nodemin, nodemax, nedgenode_l, nedgenode_r, NodeIteratorMin, NodeIteratorMax
0 1225 0 1337 0 101 0 1236
1225 2450 1237 2574 101 101 1237 2473
2450 3675 2474 3812 101 101 2474 3711
3675 4900 3712 5049 101 101 3712 4948
4900 6125 4949 6286 101 101 4949 6185
6125 7350 6186 7524 101 101 6186 7423
7350 8575 7424 8761 101 101 7424 8660
8575 9801 8661 9999 101 0 8661 9999
