0 4950 29849 35024 0 0 29849 35024
7
elemin, elemax, nodemin, nodemax, nedgenode_l, nedgenode_r, NodeIteratorMin, NodeIteratorMax
0 707 14924 15835 0 201 14924 15634
707 1414 15635 16545 201 201 15635 16344
1414 2121 16345 17256 201 201 16345 17055
2121 2828 17056 17966 201 201 17056 17765
2828 3535 17766 18677 201 201 17766 18476
3535 4242 18477 19387 201 201 18477 19186
4242 4950 19187 20099 201 0 19187 20099
8
elemin, elemax, nodemin, nodemax, nedgenode_l, nedgenode_r, NodeIteratorMin, NodeIteratorMax
5
0 618 4974 5795 0 201 4974 5594
elemin, elemax, nodemin, nodemax, nedgenode_l, nedgenode_r, NodeIteratorMin, NodeIteratorMax
618 1236 5595 6417 201 201 5595 6216
0 990 19899 21094 0 201 19899 20893
1236 1854 6217 7038 201 201 6217 6837
990 1980 20894 22089 201 201 20894 21888
1854 2472 6838 7659 201 201 6838 7458
1980 2970 21889 23084 201 201 21889 22883
2472 3090 7459 8280 201 201 7459 8079
2970 3960 22884 24079 201 201 22884 23878
3090 3708 8080 8901 201 201 8080 8700
3960 4950 23879 25074 201 0 23879 25074
3708 4326 8701 9522 201 201 8701 9321
4326 4950 9322 10149 201 0 9322 10149
8
elemin, elemax, nodemin, nodemax, nedgenode_l, nedgenode_r, NodeIteratorMin, NodeIteratorMax
0 618 24874 25695 0 201 24874 25494
618 1236 25495 26316 201 201 25495 26115
1236 1854 26116 26937 201 201 26116 26736
1854 2472 26737 27558 201 201 26737 27357
2472 3090 27358 28179 201 201 27358 27978
3090 3708 27979 28801 201 201 27979 28600
3708 4326 28601 29422 201 201 28601 29221
4326 4950 29222 30049 201 0 29222 30049
2
elemin, elemax, nodemin, nodemax, nedgenode_l, nedgenode_r, NodeIteratorMin, NodeIteratorMax
0 2475 29849 32536 0 201 29849 32335
9
2475 4950 32336 35024 201 0 32336 35024
elemin, elemax, nodemin, nodemax, nedgenode_l, nedgenode_r, NodeIteratorMin, NodeIteratorMax
0 550 4974 5727 0 201 4974 5526
550 1100 5527 6280 201 201 5527 6079
1100 1650 6080 6833 201 201 6080 6632
1650 2200 6633 7385 201 201 6633 7184
2200 2750 7185 7938 201 201 7185 7737
2750 3300 7738 8491 201 201 7738 8290
3300 3850 8291 9044 201 201 8291 8843
3850 4400 8844 9596 201 201 8844 9395
4400 4950 9396 10149 201 0 9396 10149
6
elemin, elemax, nodemin, nodemax, nedgenode_l, nedgenode_r, NodeIteratorMin, NodeIteratorMax
0 825 19899 20928 0 201 19899 20727
825 1650 20728 21757 201 201 20728 21556
1650 2475 21557 22586 201 201 21557 22385
2475 3300 22386 23416 201 201 22386 23215
3300 4125 23216 24245 201 201 23216 24044
4125 4950 24045 25074 201 0 24045 25074
8
elemin, elemax, nodemin, nodemax, nedgenode_l, nedgenode_r, NodeIteratorMin, NodeIteratorMax
0 618 14924 15745 0 201 14924 15544
7
618 1236 15545 16366 201 201 15545 16165
elemin, elemax, nodemin, nodemax, nedgenode_l, nedgenode_r, NodeIteratorMin, NodeIteratorMax
1236 1854 16166 16987 201 201 16166 16786
0 707 34824 35734 0 201 34824 35533
1854 2472 16787 17609 201 201 16787 17408
707 1414 35534 36445 201 201 35534 36244
2472 3090 17409 18230 201 201 17409 18029
1414 2121 36245 37155 201 201 36245 36954
2121 2828 36955 37866 201 201 36955 37665
2828 3535 37666 38576 201 201 37666 38375
3535 4242 38376 39287 201 201 38376 39086
3090 3708 18030 18851 201 201 18030 18650
4242 4951 39087 39999 201 0 39087 39999
3708 4326 18651 19472 201 201 18651 19271
4326 4950 19272 20099 201 0 19272 20099
10
elemin, elemax, nodemin, nodemax, nedgenode_l, nedgenode_r, NodeIteratorMin, NodeIteratorMax
0 495 4974 5672 0 201 4974 5471
495 990 5472 6169 201 201 5472 5968
990 1485 5969 6667 201 201 5969 6466
1485 1980 6467 7164 201 201 6467 6963
1980 2475 6964 7662 201 201 6964 7461
2475 2970 7462 8159 201 201 7462 7958
2970 3465 7959 8657 201 201 7959 8456
3465 3960 8457 9154 201 201 8457 8953
3960 4455 8954 9652 201 201 8954 9451
4455 4950 9452 10149 201 0 9452 10149
9
elemin, elemax, nodemin, nodemax, nedgenode_l, nedgenode_r, NodeIteratorMin, NodeIteratorMax
0 550 24874 25627 0 201 24874 25426
550 1100 25427 26179 201 201 25427 25978
1100 1650 25979 26732 201 201 25979 26531
1650 2200 26532 27285 201 201 26532 27084
2200 2750 27085 27838 201 201 27085 27637
2750 3300 27638 28390 201 201 27638 28189
3300 3850 28190 28943 201 201 28190 28742
3850 4400 28743 29496 201 201 28743 29295
4400 4950 29296 30049 201 0 29296 30049
3
elemin, elemax, nodemin, nodemax, nedgenode_l, nedgenode_r, NodeIteratorMin, NodeIteratorMax
0 1650 29849 31707 0 201 29849 31506
1650 3300 31507 33365 201 201 31507 33164
3300 4950 33165 35024 201 0 33165 35024
2
elemin, elemax, nodemin, nodemax, nedgenode_l, nedgenode_r, NodeIteratorMin, NodeIteratorMax
0 2475 0 2687 0 201 0 2486
2475 4950 2487 5174 201 0 2487 5174
7
elemin, elemax, nodemin, nodemax, nedgenode_l, nedgenode_r, NodeIteratorMin, NodeIteratorMax
0 707 19899 20810 0 201 19899 20609
707 1414 20610 21520 201 201 20610 21319
1414 2121 21320 22231 201 201 21320 22030
2121 2828 22031 22941 201 201 22031 22740
2828 3535 22741 23652 201 201 22741 23451
3535 4242 23452 24362 201 201 23452 24161
4242 4950 24162 25074 201 0 24162 25074
11
elemin, elemax, nodemin, nodemax, nedgenode_l, nedgenode_r, NodeIteratorMin, NodeIteratorMax
0 450 4974 5627 0 201 4974 5426
450 900 5427 6079 201 201 5427 5878
900 1350 5879 6531 201 201 5879 6330
1350 1800 6331 6983 201 201 6331 6782
1800 2250 6783 7436 201 201 6783 7235
2250 2700 7236 7888 201 201 7236 7687
2700 3150 7688 8340 201 201 7688 8139
3150 3600 8140 8792 201 201 8140 8591
3600 4050 8592 9245 201 201 8592 9044
4050 4500 9045 9697 201 201 9045 9496
4500 4950 9497 10149 201 0 9497 10149
9
elemin, elemax, nodemin, nodemax, nedgenode_l, nedgenode_r, NodeIteratorMin, NodeIteratorMax
0 550 14924 15677 0 201 14924 15476
550 1100 15477 16230 201 201 15477 16029
1100 1650 16030 16782 201 201 16030 16581
1650 2200 16582 17335 201 201 16582 17134
2200 2750 17135 17888 201 201 17135 17687
2750 3300 17688 18441 201 201 17688 18240
3300 3850 18241 18993 201 201 18241 18792
3850 4400 18793 19546 201 201 18793 19345
4400 4950 19346 20099 201 0 19346 20099
8
elemin, elemax, nodemin, nodemax, nedgenode_l, nedgenode_r, NodeIteratorMin, NodeIteratorMax
0 618 34824 35645 0 201 34824 35444
618 1236 35445 36266 201 201 35445 36065
1236 1854 36066 36887 201 201 36066 36686
1854 2472 36687 37508 201 201 36687 37307
2472 3090 37308 38129 201 201 37308 37928
3090 3708 37929 38750 201 201 37929 38549
3708 4326 38550 39371 201 201 38550 39170
4326 4951 39171 39999 201 0 39171 39999
10
elemin, elemax, nodemin, nodemax, nedgenode_l, nedgenode_r, NodeIteratorMin, NodeIteratorMax
0 495 24874 25571 0 201 24874 25370
495 990 25371 26069 201 201 25371 25868
990 1485 25869 26566 201 201 25869 26365
1485 1980 26366 27064 201 201 26366 26863
1
elemin, elemax, nodemin, nodemax, nedgenode_l, nedgenode_r, NodeIteratorMin, NodeIteratorMax
1980 2475 26864 27561 201 201 26864 27360
0 4950 9949 15124 0 0 9949 15124
2475 2970 27361 28059 201 201 27361 27858
2970 3465 27859 28556 201 201 27859 28355
3465 3960 28356 29054 201 201 28356 28853
3960 4455 28854 29551 201 201 28854 29350
4455 4950 29351 30049 201 0 29351 30049
4
elemin, elemax, nodemin, nodemax, nedgenode_l, nedgenode_r, NodeIteratorMin, NodeIteratorMax
0 1237 29849 31292 0 201 29849 31091
1237 2474 31092 32535 201 201 31092 32334
2474 3711 32335 33778 201 201 32335 33577
3711 4950 33578 35024 201 0 33578 35024
8
elemin, elemax, nodemin, nodemax, nedgenode_l, nedgenode_r, NodeIteratorMin, NodeIteratorMax
0 618 19899 20720 0 201 19899 20519
618 1236 20520 21341 201 201 20520 21140
1236 1854 21141 21962 201 201 21141 21761
1854 2472 21762 22583 201 201 21762 22382
2472 3090 22383 23205 201 201 22383 23004
3090 3708 23005 23826 201 201 23005 23625
3708 4326 23626 24447 201 201 23626 24246
4326 4950 24247 25074 201 0 24247 25074
3
elemin, elemax, nodemin, nodemax, nedgenode_l, nedgenode_r, NodeIteratorMin, NodeIteratorMax
0 1650 0 1858 0 201 0 1657
1650 3300 1658 3516 201 201 1658 3315
3300 4950 3316 5174 201 0 3316 5174
12
elemin, elemax, nodemin, nodemax, nedgenode_l, nedgenode_r, NodeIteratorMin, NodeIteratorMax
0 412 4974 5588 0 201 4974 5387
412 824 5388 6003 201 201 5388 5802
824 1236 5803 6417 201 201 5803 6216
1236 1648 6217 6831 201 201 6217 6630
1648 2060 6631 7245 201 201 6631 7044
2060 2472 7045 7659 201 201 7045 7458
2472 2884 7459 8073 201 201 7459 7872
2884 3296 7873 8487 201 201 7873 8286
3296 3708 8287 8901 201 201 8287 8700
3708 4120 8701 9315 201 201 8701 9114
4120 4532 9115 9729 201 201 9115 9528
4532 4950 9529 10149 201 0 9529 10149
9
elemin, elemax, nodemin, nodemax, nedgenode_l, nedgenode_r, NodeIteratorMin, NodeIteratorMax
0 550 34824 35576 0 201 34824 35375
550 1100 35376 36129 201 201 35376 35928
1100 1650 35929 36682 201 201 35929 36481
1650 2200 36482 37235 201 201 36482 37034
2200 2750 37035 37787 201 201 37035 37586
2750 3300 37587 38340 201 201 37587 38139
3300 3850 38140 38893 201 201 38140 38692
3850 4400 38693 39446 201 201 38693 39245
4400 4951 39246 39999 201 0 39246 39999
2
elemin, elemax, nodemin, nodemax, nedgenode_l, nedgenode_r, NodeIteratorMin, NodeIteratorMax
0 2475 9949 12637 0 201 9949 12436
2475 4950 12437 15124 201 0 12437 15124
5
elemin, elemax, nodemin, nodemax, nedgenode_l, nedgenode_r, NodeIteratorMin, NodeIteratorMax
0 990 29849 31044 0 201 29849 30843
990 1980 30844 32039 201 201 30844 31838
1980 2970 31839 33034 201 201 31839 32833
2970 3960 32834 34029 201 201 32834 33828
3960 4950 33829 35024 201 0 33829 35024
9
elemin, elemax, nodemin, nodemax, nedgenode_l, nedgenode_r, NodeIteratorMin, NodeIteratorMax
0 550 19899 20652 0 201 19899 20451
550 1100 20452 21205 201 201 20452 21004
1100 1650 21005 21757 201 201 21005 21556
1650 2200 21557 22310 201 201 21557 22109
2200 2750 22110 22863 201 201 22110 22662
2750 3300 22663 23416 201 201 22663 23215
3300 3850 23216 23968 201 201 23216 23767
3850 4400 23768 24521 201 201 23768 24320
4400 4950 24321 25074 201 0 24321 25074
11
elemin, elemax, nodemin, nodemax, nedgenode_l, nedgenode_r, NodeIteratorMin, NodeIteratorMax
0 450 24874 25526 0 201 24874 25325
450 900 25326 25978 201 201 25326 25777
900 1350 25778 26431 201 201 25778 26230
1350 1800 26231 26883 201 201 26231 26682
1800 2250 26683 27335 201 201 26683 27134
2250 2700 27135 27787 201 201 27135 27586
2700 3150 27587 28240 201 201 27587 28039
3150 3600 28040 28692 201 201 28040 28491
3600 4050 28492 29144 201 201 28492 28943
4050 4500 28944 29596 201 201 28944 29395
4500 4950 29396 30049 201 0 29396 30049
3
elemin, elemax, nodemin, nodemax, nedgenode_l, nedgenode_r, NodeIteratorMin, NodeIteratorMax
0 1650 9949 11808 0 201 9949 11607
1650 3300 11608 13466 201 201 11608 13265
3300 4950 13266 15124 201 0 13266 15124
10
elemin, elemax, nodemin, nodemax, nedgenode_l, nedgenode_r, NodeIteratorMin, NodeIteratorMax
0 495 14924 15622 0 201 14924 15421
495 990 15422 16119 201 201 15422 15918
990 1485 15919 16617 201 201 15919 16416
1485 1980 16417 17114 201 201 16417 16913
1980 2475 16914 17612 201 201 16914 17411
2475 2970 17412 18109 201 201 17412 17908
4
elemin, elemax, nodemin, nodemax, nedgenode_l, nedgenode_r, NodeIteratorMin, NodeIteratorMax
0 1237 9949 11392 0 201 9949 11191
1237 2474 11192 12636 201 201 11192 12435
2474 3711 12436 13879 201 201 12436 13678
3711 4950 13679 15124 201 0 13679 15124
2970 3465 17909 18607 201 201 17909 18406
6
3465 3960 18407 19104 201 201 18407 18903
10
elemin, elemax, nodemin, nodemax, nedgenode_l, nedgenode_r, NodeIteratorMin, NodeIteratorMax
0 495 34824 35521 0 201 34824 35320
495 990 35321 36019 201 201 35321 35818
3960 4455 18904 19602 201 201 18904 19401
990 1485 35819 36516 201 201 35819 36315
4455 4950 19402 20099 201 0 19402 20099
1485 1980 36316 37014 201 201 36316 36813
1980 2475 36814 37511 201 201 36814 37310
2475 2970 37311 38009 201 201 37311 37808
2970 3465 37809 38506 201 201 37809 38305
3465 3960 38306 39004 201 201 38306 38803
3960 4455 38804 39501 201 201 38804 39300
4455 4951 39301 39999 201 0 39301 39999
4
5
elemin, elemax, nodemin, nodemax, nedgenode_l, nedgenode_r, NodeIteratorMin, NodeIteratorMax
0 990 9949 11144 0 201 9949 10943
990 1980 10944 12139 201 201 10944 11938
elemin, elemax, nodemin, nodemax, nedgenode_l, nedgenode_r, NodeIteratorMin, NodeIteratorMax
1980 2970 11939 13134 201 201 11939 12933
2970 3960 12934 14129 201 201 12934 13928
3960 4950 13929 15124 201 0 13929 15124
elemin, elemax, nodemin, nodemax, nedgenode_l, nedgenode_r, NodeIteratorMin, NodeIteratorMax
0 825 29849 30878 0 201 29849 30677
825 1650 30678 31707 201 201 30678 31506
1650 2475 31507 32536 201 201 31507 32335
2475 3300 32336 33365 201 201 32336 33164
3300 4125 33165 34194 201 201 33165 33993
10
4125 4950 33994 35024 201 0 33994 35024
elemin, elemax, nodemin, nodemax, nedgenode_l, nedgenode_r, NodeIteratorMin, NodeIteratorMax
0 495 19899 20596 0 201 19899 20395
495 990 20396 21094 201 201 20396 20893
990 1485 20894 21591 201 201 20894 21390
1485 1980 21391 22089 201 201 21391 21888
1980 2475 21889 22586 201 201 21889 22385
2475 2970 22386 23084 201 201 22386 22883
2970 3465 22884 23581 201 201 22884 23380
3465 3960 23381 24079 201 201 23381 23878
3960 4455 23879 24576 201 201 23879 24375
4455 4950 24376 25074 201 0 24376 25074
0 1237 0 1443 0 201 0 1242
13
elemin, elemax, nodemin, nodemax, nedgenode_l, nedgenode_r, NodeIteratorMin, NodeIteratorMax
0 380 4974 5556 0 201 4974 5355
380 760 5356 5938 201 201 5356 5737
760 1140 5738 6320 201 201 5738 6119
1140 1520 6120 6702 201 201 6120 6501
1520 1900 6502 7084 201 201 6502 6883
1900 2280 6884 7466 201 201 6884 7265
2280 2660 7266 7848 201 201 7266 7647
2660 3040 7648 8230 201 201 7648 8029
3040 3420 8030 8612 201 201 8030 8411
3420 3800 8412 8993 201 201 8412 8792
3800 4180 8793 9375 201 201 8793 9174
4180 4560 9175 9757 201 201 9175 9556
4560 4950 9557 10149 201 0 9557 10149
6
elemin, elemax, nodemin, nodemax, nedgenode_l, nedgenode_r, NodeIteratorMin, NodeIteratorMax
0 825 9949 10978 0 201 9949 10777
825 1650 10778 11808 201 201 10778 11607
1237 2474 1243 2686 201 201 1243 2485
11
2474 3711 2486 3929 201 201 2486 3728
elemin, elemax, nodemin, nodemax, nedgenode_l, nedgenode_r, NodeIteratorMin, NodeIteratorMax
3711 4950 3729 5174 201 0 3729 5174
0 450 14924 15576 0 201 14924 15375
450 900 15376 16029 201 201 15376 15828
900 1350 15829 16481 201 201 15829 16280
1350 1800 16281 16933 201 201 16281 16732
1650 2475 11608 12637 201 201 11608 12436
2475 3300 12437 13466 201 201 12437 13265
3300 4125 13266 14295 201 201 13266 14094
4125 4950 14095 15124 201 0 14095 15124
12
1800 2250 16733 17385 201 201 16733 17184
elemin, elemax, nodemin, nodemax, nedgenode_l, nedgenode_r, NodeIteratorMin, NodeIteratorMax
2250 2700 17185 17838 201 201 17185 17637
0 412 24874 25488 0 201 24874 25287
2700 3150 17638 18290 201 201 17638 18089
412 824 25288 25902 201 201 25288 25701
3150 3600 18090 18742 201 201 18090 18541
824 1236 25702 26316 201 201 25702 26115
3600 4050 18542 19194 201 201 18542 18993
1236 1648 26116 26730 201 201 26116 26529
4050 4500 18994 19647 201 201 18994 19446
1648 2060 26530 27144 201 201 26530 26943
4500 4950 19447 20099 201 0 19447 20099
2060 2472 26944 27558 201 201 26944 27357
2472 2884 27358 27972 201 201 27358 27771
2884 3296 27772 28386 201 201 27772 28185
3296 3708 28186 28801 201 201 28186 28600
3708 4120 28601 29215 201 201 28601 29014
4120 4532 29015 29629 201 201 29015 29428
4532 4950 29429 30049 201 0 29429 30049
11
elemin, elemax, nodemin, nodemax, nedgenode_l, nedgenode_r, NodeIteratorMin, NodeIteratorMax
0 450 19899 20551 0 201 19899 20350
450 900 20351 21004 201 201 20351 20803
900 1350 20804 21456 201 201 20804 21255
1350 1800 21256 21908 201 201 21256 21707
1800 2250 21708 22360 201 201 21708 22159
2250 2700 22160 22813 201 201 22160 22612
2700 3150 22613 23265 201 201 22613 23064
3150 3600 23065 23717 201 201 23065 23516
3600 4050 23517 24169 201 201 23517 23968
4050 4500 23969 24622 201 201 23969 24421
4500 4950 24422 25074 201 0 24422 25074
11
elemin, elemax, nodemin, nodemax, nedgenode_l, nedgenode_r, NodeIteratorMin, NodeIteratorMax
0 450 34824 35476 0 201 34824 35275
450 900 35276 35928 201 201 35276 35727
900 1350 35728 36380 201 201 35728 36179
1350 1800 36180 36833 201 201 36180 36632
1800 2250 36633 37285 201 201 36633 37084
2250 2700 37085 37737 201 201 37085 37536
2700 3150 37537 38189 201 201 37537 37988
3150 3600 37989 38642 201 201 37989 38441
3600 4050 38442 39094 201 201 38442 38893
4050 4500 38894 39546 201 201 38894 39345
4500 4951 39346 39999 201 0 39346 39999
13
7
elemin, elemax, nodemin, nodemax, nedgenode_l, nedgenode_r, NodeIteratorMin, NodeIteratorMax
elemin, elemax, nodemin, nodemax, nedgenode_l, nedgenode_r, NodeIteratorMin, NodeIteratorMax
12
0 380 24874 25456 0 201 24874 25255
0 707 9949 10860 0 201 9949 10659
elemin, elemax, nodemin, nodemax, nedgenode_l, nedgenode_r, NodeIteratorMin, NodeIteratorMax
380 760 25256 25838 201 201 25256 25637
707 1414 10660 11570 201 201 10660 11369
0 412 14924 15538 0 201 14924 15337
760 1140 25638 26220 201 201 25638 26019
1414 2121 11370 12281 201 201 11370 12080
412 824 15338 15952 201 201 15338 15751
1140 1520 26020 26602 201 201 26020 26401
2121 2828 12081 12991 201 201 12081 12790
824 1236 15752 16366 201 201 15752 16165
1520 1900 26402 26983 201 201 26402 26782
2828 3535 12791 13702 201 201 12791 13501
1236 1648 16166 16780 201 201 16166 16579
1900 2280 26783 27365 201 201 26783 27164
3535 4242 13502 14413 201 201 13502 14212
1648 2060 16580 17194 201 201 16580 16993
2280 2660 27165 27747 201 201 27165 27546
4242 4950 14213 15124 201 0 14213 15124
2060 2472 16994 17609 201 201 16994 17408
2660 3040 27547 28129 201 201 27547 27928
2472 2884 17409 18023 201 201 17409 17822
3040 3420 27929 28511 201 201 27929 28310
2884 3296 17823 18437 201 201 17823 18236
3420 3800 28311 28893 201 201 28311 28692
3296 3708 18237 18851 201 201 18237 18650
3800 4180 28693 29275 201 201 28693 29074
3708 4120 18651 19265 201 201 18651 19064
4180 4560 29075 29657 201 201 29075 29456
4120 4532 19065 19679 201 201 19065 19478
4560 4950 29457 30049 201 0 29457 30049
4532 4950 19479 20099 201 0 19479 20099
14
elemin, elemax, nodemin, nodemax, nedgenode_l, nedgenode_r, NodeIteratorMin, NodeIteratorMax
0 353 4974 5529 0 201 4974 5328
353 706 5329 5884 201 201 5329 5683
706 1059 5684 6239 201 201 5684 6038
1059 1412 6039 6593 201 201 6039 6392
1412 1765 6393 6948 201 201 6393 6747
1765 2118 6748 7303 201 201 6748 7102
2118 2471 7103 7658 201 201 7103 7457
2471 2824 7458 8013 201 201 7458 7812
2824 3177 7813 8367 201 201 7813 8166
3177 3530 8167 8722 201 201 8167 8521
3530 3883 8522 9077 201 201 8522 8876
12
3883 4236 8877 9432 201 201 8877 9231
elemin, elemax, nodemin, nodemax, nedgenode_l, nedgenode_r, NodeIteratorMin, NodeIteratorMax
4236 4589 9232 9786 201 201 9232 9585
0 412 19899 20513 0 201 19899 20312
4589 4950 9586 10149 201 0 9586 10149
412 824 20313 20927 201 201 20313 20726
824 1236 20727 21341 201 201 20727 21140
1236 1648 21141 21755 201 201 21141 21554
1648 2060 21555 22169 201 201 21555 21968
2060 2472 21969 22583 201 201 21969 22382
2472 2884 22383 22997 201 201 22383 22796
2884 3296 22797 23412 201 201 22797 23211
3296 3708 23212 23826 201 201 23212 23625
3708 4120 23626 24240 201 201 23626 24039
4120 4532 24040 24654 201 201 24040 24453
4532 4950 24454 25074 201 0 24454 25074
12
elemin, elemax, nodemin, nodemax, nedgenode_l, nedgenode_r, NodeIteratorMin, NodeIteratorMax
0 412 34824 35438 0 201 34824 35237
412 824 35238 35852 201 201 35238 35651
824 1236 35652 36266 201 201 35652 36065
1236 1648 36066 36680 201 201 36066 36479
1648 2060 36480 37094 201 201 36480 36893
2060 2472 36894 37508 201 201 36894 37307
2472 2884 37308 37922 201 201 37308 37721
2884 3296 37722 38336 201 201 37722 38135
3296 3708 38136 38750 201 201 38136 38549
3708 4120 38550 39164 201 201 38550 38963
4120 4532 38964 39578 201 201 38964 39377
4532 4951 39378 39999 201 0 39378 39999
14
elemin, elemax, nodemin, nodemax, nedgenode_l, nedgenode_r, NodeIteratorMin, NodeIteratorMax
0 353 24874 25429 0 201 24874 25228
353 706 25229 25783 201 201 25229 25582
706 1059 25583 26138 201 201 25583 25937
8
1059 1412 25938 26493 201 201 25938 26292
elemin, elemax, nodemin, nodemax, nedgenode_l, nedgenode_r, NodeIteratorMin, NodeIteratorMax
1412 1765 26293 26848 201 201 26293 26647
0 618 9949 10770 0 201 9949 10569
1765 2118 26648 27203 201 201 26648 27002
618 1236 10570 11391 201 201 10570 11190
2118 2471 27003 27557 201 201 27003 27356
1236 1854 11191 12013 201 201 11191 11812
2471 2824 27357 27912 201 201 27357 27711
13
1854 2472 11813 12634 201 201 11813 12433
elemin, elemax, nodemin, nodemax, nedgenode_l, nedgenode_r, NodeIteratorMin, NodeIteratorMax
2824 3177 27712 28267 201 201 27712 28066
2472 3090 12434 13255 201 201 12434 13054
0 380 14924 15506 0 201 14924 15305
3177 3530 28067 28622 201 201 28067 28421
3090 3708 13055 13876 201 201 13055 13675
380 760 15306 15888 201 201 15306 15687
3530 3883 28422 28976 201 201 28422 28775
3708 4326 13676 14497 201 201 13676 14296
760 1140 15688 16270 201 201 15688 16069
3883 4236 28776 29331 201 201 28776 29130
4326 4950 14297 15124 201 0 14297 15124
1140 1520 16070 16652 201 201 16070 16451
4236 4589 29131 29686 201 201 29131 29485
1520 1900 16452 17034 201 201 16452 16833
4589 4950 29486 30049 201 0 29486 30049
1900 2280 16834 17416 201 201 16834 17215
2280 2660 17216 17797 201 201 17216 17596
2660 3040 17597 18179 201 201 17597 17978
3040 3420 17979 18561 201 201 17979 18360
3420 3800 18361 18943 201 201 18361 18742
3800 4180 18743 19325 201 201 18743 19124
4180 4560 19125 19707 201 201 19125 19506
4560 4950 19507 20099 201 0 19507 20099
13
elemin, elemax, nodemin, nodemax, nedgenode_l, nedgenode_r, NodeIteratorMin, NodeIteratorMax
0 380 19899 20481 0 201 19899 20280
380 760 20281 20863 201 201 20281 20662
760 1140 20663 21245 201 201 20663 21044
1140 1520 21045 21627 201 201 21045 21426
1520 1900 21427 22009 201 201 21427 21808
1900 2280 21809 22390 201 201 21809 22189
2280 2660 22190 22772 201 201 22190 22571
2660 3040 22572 23154 201 201 22572 22953
3040 3420 22954 23536 201 201 22954 23335
3420 3800 23336 23918 201 201 23336 23717
3800 4180 23718 24300 201 201 23718 24099
4180 4560 24100 24682 201 201 24100 24481
4560 4950 24482 25074 201 0 24482 25074
13
elemin, elemax, nodemin, nodemax, nedgenode_l, nedgenode_r, NodeIteratorMin, NodeIteratorMax
0 380 34824 35406 0 201 34824 35205
380 760 35206 35787 201 201 35206 35586
760 1140 35587 36169 201 201 35587 35968
1140 1520 35969 36551 201 201 35969 36350
1520 1900 36351 36933 201 201 36351 36732
1900 2280 36733 37315 201 201 36733 37114
2280 2660 37115 37697 201 201 37115 37496
2660 3040 37497 38079 201 201 37497 37878
3040 3420 37879 38461 201 201 37879 38260
3420 3800 38261 38843 201 201 38261 38642
3800 4180 38643 39225 201 201 38643 39024
4180 4560 39025 39607 201 201 39025 39406
4560 4951 39407 39999 201 0 39407 39999
15
elemin, elemax, nodemin, nodemax, nedgenode_l, nedgenode_r, NodeIteratorMin, NodeIteratorMax
0 330 24874 25406 0 201 24874 25205
330 660 25206 25737 201 201 25206 25536
660 990 25537 26069 201 201 25537 25868
990 1320 25869 26401 201 201 25869 26200
1320 1650 26201 26732 201 201 26201 26531
1650 1980 26532 27064 201 201 26532 26863
1980 2310 26864 27395 201 201 26864 27194
2310 2640 27195 27727 201 201 27195 27526
2640 2970 27527 28059 201 201 27527 27858
2970 3300 27859 28390 201 201 27859 28189
3300 3630 28190 28722 201 201 28190 28521
3630 3960 28522 29054 201 201 28522 28853
3960 4290 28854 29385 201 201 28854 29184
4290 4620 29185 29717 201 201 29185 29516
4620 4950 29517 30049 201 0 29517 30049
14
elemin, elemax, nodemin, nodemax, nedgenode_l, nedgenode_r, NodeIteratorMin, NodeIteratorMax
0 353 14924 15479 0 201 14924 15278
353 706 15279 15834 201 201 15279 15633
706 1059 15634 16188 201 201 15634 15987
15
1059 1412 15988 16543 201 201 15988 16342
elemin, elemax, nodemin, nodemax, nedgenode_l, nedgenode_r, NodeIteratorMin, NodeIteratorMax
1412 1765 16343 16898 201 201 16343 16697
0 330 4974 5506 0 201 4974 5305
1765 2118 16698 17253 201 201 16698 17052
330 660 5306 5838 201 201 5306 5637
2118 2471 17053 17608 201 201 17053 17407
660 990 5638 6169 201 201 5638 5968
2471 2824 17408 17962 201 201 17408 17761
990 1320 5969 6501 201 201 5969 6300
2824 3177 17762 18317 201 201 17762 18116
1320 1650 6301 6833 201 201 6301 6632
3177 3530 18117 18672 201 201 18117 18471
1650 1980 6633 7164 201 201 6633 6963
3530 3883 18472 19027 201 201 18472 18826
1980 2310 6964 7496 201 201 6964 7295
3883 4236 18827 19381 201 201 18827 19180
9
2310 2640 7296 7828 201 201 7296 7627
4236 4589 19181 19736 201 201 19181 19535
elemin, elemax, nodemin, nodemax, nedgenode_l, nedgenode_r, NodeIteratorMin, NodeIteratorMax
2640 2970 7628 8159 201 201 7628 7958
4589 4950 19536 20099 201 0 19536 20099
0 550 9949 10702 0 201 9949 10501
2970 3300 7959 8491 201 201 7959 8290
550 1100 10502 11255 201 201 10502 11054
3300 3630 8291 8823 201 201 8291 8622
1100 1650 11055 11808 201 201 11055 11607
3630 3960 8623 9154 201 201 8623 8953
1650 2200 11608 12360 201 201 11608 12159
3960 4290 8954 9486 201 201 8954 9285
2200 2750 12160 12913 201 201 12160 12712
4290 4620 9286 9818 201 201 9286 9617
2750 3300 12713 13466 201 201 12713 13265
4620 4950 9618 10149 201 0 9618 10149
3300 3850 13266 14019 201 201 13266 13818
3850 4400 13819 14571 201 201 13819 14370
4400 4950 14371 15124 201 0 14371 15124
14
elemin, elemax, nodemin, nodemax, nedgenode_l, nedgenode_r, NodeIteratorMin, NodeIteratorMax
0 353 19899 20454 0 201 19899 20253
353 706 20254 20809 201 201 20254 20608
706 1059 20609 21163 201 201 20609 20962
1059 1412 20963 21518 201 201 20963 21317
1412 1765 21318 21873 201 201 21318 21672
1765 2118 21673 22228 201 201 21673 22027
2118 2471 22028 22582 201 201 22028 22381
2471 2824 22382 22937 201 201 22382 22736
2824 3177 22737 23292 201 201 22737 23091
3177 3530 23092 23647 201 201 23092 23446
3530 3883 23447 24002 201 201 23447 23801
3883 4236 23802 24356 201 201 23802 24155
4236 4589 24156 24711 201 201 24156 24510
4589 4950 24511 25074 201 0 24511 25074
14
elemin, elemax, nodemin, nodemax, nedgenode_l, nedgenode_r, NodeIteratorMin, NodeIteratorMax
0 353 34824 35378 0 201 34824 35177
353 706 35178 35733 201 201 35178 35532
706 1059 35533 36088 201 201 35533 35887
1059 1412 35888 36443 201 201 35888 36242
1412 1765 36243 36797 201 201 36243 36596
1765 2118 36597 37152 201 201 36597 36951
2118 2471 36952 37507 201 201 36952 37306
2471 2824 37307 37862 201 201 37307 37661
2824 3177 37662 38217 201 201 37662 38016
3177 3530 38017 38571 201 201 38017 38370
3530 3883 38371 38926 201 201 38371 38725
3883 4236 38726 39281 201 201 38726 39080
4236 4589 39081 39636 201 201 39081 39435
4589 4951 39436 39999 201 0 39436 39999
16
elemin, elemax, nodemin, nodemax, nedgenode_l, nedgenode_r, NodeIteratorMin, NodeIteratorMax
0 309 24874 25384 0 201 24874 25183
309 618 25184 25695 201 201 25184 25494
618 927 25495 26006 201 201 25495 25805
927 1236 25806 26316 201 201 25806 26115
1236 1545 26116 26627 201 201 26116 26426
1545 1854 26427 26937 201 201 26427 26736
1854 2163 26737 27248 201 201 26737 27047
2163 2472 27048 27558 201 201 27048 27357
2472 2781 27358 27869 201 201 27358 27668
2781 3090 27669 28179 201 201 27669 27978
3090 3399 27979 28490 201 201 27979 28289
3399 3708 28290 28801 201 201 28290 28600
3708 4017 28601 29111 201 201 28601 28910
4017 4326 28911 29422 201 201 28911 29221
4326 4635 29222 29732 201 201 29222 29531
4635 4950 29532 30049 201 0 29532 30049
15
elemin, elemax, nodemin, nodemax, nedgenode_l, nedgenode_r, NodeIteratorMin, NodeIteratorMax
0 330 14924 15456 0 201 14924 15255
330 660 15256 15787 201 201 15256 15586
660 990 15587 16119 201 201 15587 15918
990 1320 15919 16451 201 201 15919 16250
1320 1650 16251 16782 201 201 16251 16581
1650 1980 16582 17114 201 201 16582 16913
1980 2310 16914 17446 201 201 16914 17245
2310 2640 17246 17777 201 201 17246 17576
2640 2970 17577 18109 201 201 17577 17908
2970 3300 17909 18441 201 201 17909 18240
3300 3630 18241 18772 201 201 18241 18571
3630 3960 18572 19104 201 201 18572 18903
10
3960 4290 18904 19436 201 201 18904 19235
elemin, elemax, nodemin, nodemax, nedgenode_l, nedgenode_r, NodeIteratorMin, NodeIteratorMax
4290 4620 19236 19767 201 201 19236 19566
0 495 9949 10647 0 201 9949 10446
4620 4950 19567 20099 201 0 19567 20099
495 990 10447 11144 201 201 10447 10943
990 1485 10944 11642 201 201 10944 11441
1485 1980 11442 12139 201 201 11442 11938
1980 2475 11939 12637 201 201 11939 12436
2475 2970 12437 13134 201 201 12437 12933
2970 3465 12934 13632 201 201 12934 13431
3465 3960 13432 14129 201 201 13432 13928
3960 4455 13929 14627 201 201 13929 14426
4455 4950 14427 15124 201 0 14427 15124
16
elemin, elemax, nodemin, nodemax, nedgenode_l, nedgenode_r, NodeIteratorMin, NodeIteratorMax
0 309 4974 5485 0 201 4974 5284
309 618 5285 5795 201 201 5285 5594
618 927 5595 6106 201 201 5595 5905
927 1236 5906 6417 201 201 5906 6216
1236 1545 6217 6727 201 201 6217 6526
1545 1854 6527 7038 201 201 6527 6837
1854 2163 6838 7348 201 201 6838 7147
2163 2472 7148 7659 201 201 7148 7458
2472 2781 7459 7969 201 201 7459 7768
2781 3090 7769 8280 201 201 7769 8079
3090 3399 8080 8590 201 201 8080 8389
3399 3708 8390 8901 201 201 8390 8700
3708 4017 8701 9212 201 201 8701 9011
4017 4326 9012 9522 201 201 9012 9321
4326 4635 9322 9833 201 201 9322 9632
4635 4950 9633 10149 201 0 9633 10149
15
elemin, elemax, nodemin, nodemax, nedgenode_l, nedgenode_r, NodeIteratorMin, NodeIteratorMax
0 330 19899 20431 0 201 19899 20230
330 660 20231 20762 201 201 20231 20561
660 990 20562 21094 201 201 20562 20893
990 1320 20894 21426 201 201 20894 21225
1320 1650 21226 21757 201 201 21226 21556
1650 1980 21557 22089 201 201 21557 21888
1980 2310 21889 22421 201 201 21889 22220
2310 2640 22221 22752 201 201 22221 22551
2640 2970 22552 23084 201 201 22552 22883
2970 3300 22884 23416 201 201 22884 23215
3300 3630 23216 23747 201 201 23216 23546
3630 3960 23547 24079 201 201 23547 23878
3960 4290 23879 24411 201 201 23879 24210
4290 4620 24211 24742 201 201 24211 24541
4620 4950 24542 25074 201 0 24542 25074
7
elemin, elemax, nodemin, nodemax, nedgenode_l, nedgenode_r, NodeIteratorMin, NodeIteratorMax
15
16
0 707 29849 30759 0 201 29849 30558
elemin, elemax, nodemin, nodemax, nedgenode_l, nedgenode_r, NodeIteratorMin, NodeIteratorMax
707 1414 30559 31470 201 201 30559 31269
0 309 14924 15435 0 201 14924 15234
1414 2121 31270 32180 201 201 31270 31979
309 618 15235 15745 201 201 15235 15544
2121 2828 31980 32891 201 201 31980 32690
618 927 15545 16056 201 201 15545 15855
2828 3535 32691 33602 201 201 32691 33401
11
16
5
elemin, elemax, nodemin, nodemax, nedgenode_l, nedgenode_r, NodeIteratorMin, NodeIteratorMax
elemin, elemax, nodemin, nodemax, nedgenode_l, nedgenode_r, NodeIteratorMin, NodeIteratorMax
927 1236 15856 16366 201 201 15856 16165
3535 4242 33402 34312 201 201 33402 34111
elemin, elemax, nodemin, nodemax, nedgenode_l, nedgenode_r, NodeIteratorMin, NodeIteratorMax
elemin, elemax, nodemin, nodemax, nedgenode_l, nedgenode_r, NodeIteratorMin, NodeIteratorMax
0 330 34824 35355 0 201 34824 35154
0 309 19899 20410 0 201 19899 20209
1236 1545 16166 16677 201 201 16166 16476
4242 4950 34112 35024 201 0 34112 35024
0 450 9949 10602 0 201 9949 10401
0 990 0 1194 0 201 0 993
330 660 35155 35687 201 201 35155 35486
309 618 20210 20720 201 201 20210 20519
1545 1854 16477 16987 201 201 16477 16786
450 900 10402 11054 201 201 10402 10853
990 1980 994 2189 201 201 994 1988
660 990 35487 36019 201 201 35487 35818
618 927 20520 21031 201 201 20520 20830
1854 2163 16787 17298 201 201 16787 17097
900 1350 10854 11506 201 201 10854 11305
1980 2970 1989 3184 201 201 1989 2983
990 1320 35819 36350 201 201 35819 36149
927 1236 20831 21341 201 201 20831 21140
2163 2472 17098 17609 201 201 17098 17408
1350 1800 11306 11958 201 201 11306 11757
1236 1545 21141 21652 201 201 21141 21451
2472 2781 17409 17919 201 201 17409 17718
1545 1854 21452 21962 201 201 21452 21761
2781 3090 17719 18230 201 201 17719 18029
1854 2163 21762 22273 201 201 21762 22072
1320 1650 36150 36682 201 201 36150 36481
1800 2250 11758 12411 201 201 11758 12210
3090 3399 18030 18540 201 201 18030 18339
2250 2700 12211 12863 201 201 12211 12662
3399 3708 18340 18851 201 201 18340 18650
1650 1980 36482 37014 201 201 36482 36813
2163 2472 22073 22583 201 201 22073 22382
2700 3150 12663 13315 201 201 12663 13114
3708 4017 18651 19161 201 201 18651 18960
1980 2310 36814 37345 201 201 36814 37144
3150 3600 13115 13767 201 201 13115 13566
2472 2781 22383 22894 201 201 22383 22693
4017 4326 18961 19472 201 201 18961 19271
2310 2640 37145 37677 201 201 37145 37476
3600 4050 13567 14220 201 201 13567 14019
2781 3090 22694 23205 201 201 22694 23004
4326 4635 19272 19782 201 201 19272 19581
2640 2970 37477 38009 201 201 37477 37808
4050 4500 14020 14672 201 201 14020 14471
3090 3399 23005 23515 201 201 23005 23314
4635 4950 19582 20099 201 0 19582 20099
2970 3300 37809 38340 201 201 37809 38139
4500 4950 14472 15124 201 0 14472 15124
3399 3708 23315 23826 201 201 23315 23625
3708 4017 23626 24136 201 201 23626 23935
3300 3630 38140 38672 201 201 38140 38471
4017 4326 23936 24447 201 201 23936 24246
3630 3960 38472 39004 201 201 38472 38803
2970 3960 2984 4179 201 201 2984 3978
4326 4635 24247 24757 201 201 24247 24556
3960 4290 38804 39335 201 201 38804 39134
4635 4950 24557 25074 201 0 24557 25074
4290 4620 39135 39667 201 201 39135 39466
4620 4951 39467 39999 201 0 39467 39999
3960 4950 3979 5174 201 0 3979 5174
16
elemin, elemax, nodemin, nodemax, nedgenode_l, nedgenode_r, NodeIteratorMin, NodeIteratorMax
0 309 34824 35334 0 201 34824 35133
309 618 35134 35645 201 201 35134 35444
618 927 35445 35955 201 201 35445 35754
927 1236 35755 36266 201 201 35755 36065
1236 1545 36066 36576 201 201 36066 36375
1545 1854 36376 36887 201 201 36376 36686
1854 2163 36687 37197 201 201 36687 36996
2163 2472 36997 37508 201 201 36997 37307
2472 2781 37308 37819 201 201 37308 37618
2781 3090 37619 38129 201 201 37619 37928
3090 3399 37929 38440 201 201 37929 38239
3399 3708 38240 38750 201 201 38240 38549
3708 4017 38550 39061 201 201 38550 38860
4017 4326 38861 39371 201 201 38861 39170
4326 4635 39171 39682 201 201 39171 39481
12
4635 4951 39482 39999 201 0 39482 39999
elemin, elemax, nodemin, nodemax, nedgenode_l, nedgenode_r, NodeIteratorMin, NodeIteratorMax
0 412 9949 10563 0 201 9949 10362
412 824 10363 10977 201 201 10363 10776
824 1236 10777 11391 201 201 10777 11190
1236 1648 11191 11806 201 201 11191 11605
1648 2060 11606 12220 201 201 11606 12019
2060 2472 12020 12634 201 201 12020 12433
2472 2884 12434 13048 201 201 12434 12847
2884 3296 12848 13462 201 201 12848 13261
3296 3708 13262 13876 201 201 13262 13675
3708 4120 13676 14290 201 201 13676 14089
4120 4532 14090 14704 201 201 14090 14503
4532 4950 14504 15124 201 0 14504 15124
6
elemin, elemax, nodemin, nodemax, nedgenode_l, nedgenode_r, NodeIteratorMin, NodeIteratorMax
0 825 0 1029 0 201 0 828
825 1650 829 1858 201 201 829 1657
1650 2475 1658 2687 201 201 1658 2486
2475 3300 2487 3516 201 201 2487 3315
3300 4125 3316 4345 201 201 3316 4144
4125 4950 4145 5174 201 0 4145 5174
8
elemin, elemax, nodemin, nodemax, nedgenode_l, nedgenode_r, NodeIteratorMin, NodeIteratorMax
0 618 29849 30670 0 201 29849 30469
618 1236 30470 31291 201 201 30470 31090
1236 1854 31091 31912 201 201 31091 31711
1854 2472 31712 32533 201 201 31712 32332
2472 3090 32333 33154 201 201 32333 32953
3090 3708 32954 33775 201 201 32954 33574
3708 4326 33575 34396 201 201 33575 34195
4326 4950 34196 35024 201 0 34196 35024
13
elemin, elemax, nodemin, nodemax, nedgenode_l, nedgenode_r, NodeIteratorMin, NodeIteratorMax
0 380 9949 10531 0 201 9949 10330
380 760 10331 10913 201 201 10331 10712
760 1140 10713 11295 201 201 10713 11094
1140 1520 11095 11677 201 201 11095 11476
1520 1900 11477 12059 201 201 11477 11858
1900 2280 11859 12441 201 201 11859 12240
2280 2660 12241 12823 201 201 12241 12622
2660 3040 12623 13205 201 201 12623 13004
3040 3420 13005 13586 201 201 13005 13385
3420 3800 13386 13968 201 201 13386 13767
3800 4180 13768 14350 201 201 13768 14149
4180 4560 14150 14732 201 201 14150 14531
4560 4950 14532 15124 201 0 14532 15124
7
elemin, elemax, nodemin, nodemax, nedgenode_l, nedgenode_r, NodeIteratorMin, NodeIteratorMax
0 707 0 910 0 201 0 709
707 1414 710 1621 201 201 710 1420
1414 2121 1421 2331 201 201 1421 2130
2121 2828 2131 3042 201 201 2131 2841
2828 3535 2842 3752 201 201 2842 3551
3535 4242 3552 4463 201 201 3552 4262
4242 4950 4263 5174 201 0 4263 5174
14
elemin, elemax, nodemin, nodemax, nedgenode_l, nedgenode_r, NodeIteratorMin, NodeIteratorMax
0 353 9949 10504 0 201 9949 10303
353 706 10304 10859 201 201 10304 10658
706 1059 10659 11214 201 201 10659 11013
1059 1412 11014 11568 201 201 11014 11367
1412 1765 11368 11923 201 201 11368 11722
1765 2118 11723 12278 201 201 11723 12077
2118 2471 12078 12633 201 201 12078 12432
2471 2824 12433 12987 201 201 12433 12786
2824 3177 12787 13342 201 201 12787 13141
3177 3530 13142 13697 201 201 13142 13496
3530 3883 13497 14052 201 201 13497 13851
3883 4236 13852 14407 201 201 13852 14206
4236 4589 14207 14761 201 201 14207 14560
4589 4950 14561 15124 201 0 14561 15124
9
elemin, elemax, nodemin, nodemax, nedgenode_l, nedgenode_r, NodeIteratorMin, NodeIteratorMax
0 550 29849 30602 0 201 29849 30401
550 1100 30402 31154 201 201 30402 30953
1100 1650 30954 31707 201 201 30954 31506
1650 2200 31507 32260 201 201 31507 32059
2200 2750 32060 32813 201 201 32060 32612
2750 3300 32613 33365 201 201 32613 33164
3300 3850 33165 33918 201 201 33165 33717
3850 4400 33718 34471 201 201 33718 34270
4400 4950 34271 35024 201 0 34271 35024
15
elemin, elemax, nodemin, nodemax, nedgenode_l, nedgenode_r, NodeIteratorMin, NodeIteratorMax
0 330 9949 10481 0 201 9949 10280
330 660 10281 10813 201 201 10281 10612
660 990 10613 11144 201 201 10613 10943
990 1320 10944 11476 201 201 10944 11275
1320 1650 11276 11808 201 201 11276 11607
1650 1980 11608 12139 201 201 11608 11938
1980 2310 11939 12471 201 201 11939 12270
2310 2640 12271 12803 201 201 12271 12602
2640 2970 12603 13134 201 201 12603 12933
2970 3300 12934 13466 201 201 12934 13265
3300 3630 13266 13797 201 201 13266 13596
3630 3960 13597 14129 201 201 13597 13928
3960 4290 13929 14461 201 201 13929 14260
4290 4620 14261 14792 201 201 14261 14591
4620 4950 14592 15124 201 0 14592 15124
8
elemin, elemax, nodemin, nodemax, nedgenode_l, nedgenode_r, NodeIteratorMin, NodeIteratorMax
0 618 0 821 0 201 0 620
618 1236 621 1442 201 201 621 1241
1236 1854 1242 2063 201 201 1242 1862
1854 2472 1863 2684 201 201 1863 2483
2472 3090 2484 3305 201 201 2484 3104
3090 3708 3105 3926 201 201 3105 3725
3708 4326 3726 4547 201 201 3726 4346
4326 4950 4347 5174 201 0 4347 5174
10
elemin, elemax, nodemin, nodemax, nedgenode_l, nedgenode_r, NodeIteratorMin, NodeIteratorMax
0 495 29849 30546 0 201 29849 30345
495 990 30346 31044 201 201 30346 30843
990 1485 30844 31541 201 201 30844 31340
1485 1980 31341 32039 201 201 31341 31838
1980 2475 31839 32536 201 201 31839 32335
2475 2970 32336 33034 201 201 32336 32833
2970 3465 32834 33531 201 201 32834 33330
3465 3960 33331 34029 201 201 33331 33828
3960 4455 33829 34526 201 201 33829 34325
4455 4950 34326 35024 201 0 34326 35024
16
elemin, elemax, nodemin, nodemax, nedgenode_l, nedgenode_r, NodeIteratorMin, NodeIteratorMax
0 309 9949 10460 0 201 9949 10259
309 618 10260 10770 201 201 10260 10569
618 927 10570 11081 201 201 10570 10880
927 1236 10881 11391 201 201 10881 11190
1236 1545 11191 11702 201 201 11191 11501
1545 1854 11502 12013 201 201 11502 11812
1854 2163 11813 12323 201 201 11813 12122
2163 2472 12123 12634 201 201 12123 12433
2472 2781 12434 12944 201 201 12434 12743
2781 3090 12744 13255 201 201 12744 13054
3090 3399 13055 13565 201 201 13055 13364
3399 3708 13365 13876 201 201 13365 13675
3708 4017 13676 14186 201 201 13676 13985
4017 4326 13986 14497 201 201 13986 14296
4326 4635 14297 14808 201 201 14297 14607
4635 4950 14608 15124 201 0 14608 15124
11
elemin, elemax, nodemin, nodemax, nedgenode_l, nedgenode_r, NodeIteratorMin, NodeIteratorMax
0 450 29849 30501 0 201 29849 30300
450 900 30301 30953 201 201 30301 30752
900 1350 30753 31406 201 201 30753 31205
1350 1800 31206 31858 201 201 31206 31657
1800 2250 31658 32310 201 201 31658 32109
2250 2700 32110 32762 201 201 32110 32561
2700 3150 32562 33215 201 201 32562 33014
3150 3600 33015 33667 201 201 33015 33466
3600 4050 33467 34119 201 201 33467 33918
4050 4500 33919 34571 201 201 33919 34370
4500 4950 34371 35024 201 0 34371 35024
9
elemin, elemax, nodemin, nodemax, nedgenode_l, nedgenode_r, NodeIteratorMin, NodeIteratorMax
0 550 0 752 0 201 0 551
550 1100 552 1305 201 201 552 1104
1100 1650 1105 1858 201 201 1105 1657
1650 2200 1658 2411 201 201 1658 2210
2200 2750 2211 2963 201 201 2211 2762
2750 3300 2763 3516 201 201 2763 3315
3300 3850 3316 4069 201 201 3316 3868
3850 4400 3869 4622 201 201 3869 4421
4400 4950 4422 5174 201 0 4422 5174
10
elemin, elemax, nodemin, nodemax, nedgenode_l, nedgenode_r, NodeIteratorMin, NodeIteratorMax
0 495 0 697 0 201 0 496
495 990 497 1194 201 201 497 993
990 1485 994 1692 201 201 994 1491
1485 1980 1492 2189 201 201 1492 1988
1980 2475 1989 2687 201 201 1989 2486
2475 2970 2487 3184 201 201 2487 2983
2970 3465 2984 3682 201 201 2984 3481
3465 3960 3482 4179 201 201 3482 3978
3960 4455 3979 4677 201 201 3979 4476
4455 4950 4477 5174 201 0 4477 5174
11
elemin, elemax, nodemin, nodemax, nedgenode_l, nedgenode_r, NodeIteratorMin, NodeIteratorMax
0 450 0 652 0 201 0 451
450 900 452 1104 201 201 452 903
900 1350 904 1556 201 201 904 1355
1350 1800 1356 2009 201 201 1356 1808
1800 2250 1809 2461 201 201 1809 2260
2250 2700 2261 2913 201 201 2261 2712
2700 3150 2713 3365 201 201 2713 3164
3150 3600 3165 3818 201 201 3165 3617
3600 4050 3618 4270 201 201 3618 4069
4050 4500 4070 4722 201 201 4070 4521
4500 4950 4522 5174 201 0 4522 5174
12
elemin, elemax, nodemin, nodemax, nedgenode_l, nedgenode_r, NodeIteratorMin, NodeIteratorMax
0 412 29849 30463 0 201 29849 30262
412 824 30263 30877 201 201 30263 30676
824 1236 30677 31291 201 201 30677 31090
1236 1648 31091 31705 201 201 31091 31504
1648 2060 31505 32119 201 201 31505 31918
2060 2472 31919 32533 201 201 31919 32332
2472 2884 32333 32947 201 201 32333 32746
2884 3296 32747 33361 201 201 32747 33160
3296 3708 33161 33775 201 201 33161 33574
3708 4120 33575 34189 201 201 33575 33988
4120 4532 33989 34604 201 201 33989 34403
4532 4950 34404 35024 201 0 34404 35024
12
elemin, elemax, nodemin, nodemax, nedgenode_l, nedgenode_r, NodeIteratorMin, NodeIteratorMax
0 412 0 614 0 201 0 413
412 824 414 1028 201 201 414 827
824 1236 828 1442 201 201 828 1241
1236 1648 1242 1856 201 201 1242 1655
1648 2060 1656 2270 201 201 1656 2069
2060 2472 2070 2684 201 201 2070 2483
2472 2884 2484 3098 201 201 2484 2897
2884 3296 2898 3512 201 201 2898 3311
3296 3708 3312 3926 201 201 3312 3725
3708 4120 3726 4340 201 201 3726 4139
4120 4532 4140 4754 201 201 4140 4553
4532 4950 4554 5174 201 0 4554 5174
13
elemin, elemax, nodemin, nodemax, nedgenode_l, nedgenode_r, NodeIteratorMin, NodeIteratorMax
0 380 0 581 0 201 0 380
380 760 381 963 201 201 381 762
760 1140 763 1345 201 201 763 1144
1140 1520 1145 1727 201 201 1145 1526
1520 1900 1527 2109 201 201 1527 1908
1900 2280 1909 2491 201 201 1909 2290
2280 2660 2291 2873 201 201 2291 2672
2660 3040 2673 3255 201 201 2673 3054
3040 3420 3055 3637 201 201 3055 3436
3420 3800 3437 4019 201 201 3437 3818
3800 4180 3819 4401 201 201 3819 4200
4180 4560 4201 4782 201 201 4201 4581
4560 4950 4582 5174 201 0 4582 5174
14
elemin, elemax, nodemin, nodemax, nedgenode_l, nedgenode_r, NodeIteratorMin, NodeIteratorMax
0 353 0 554 0 201 0 353
353 706 354 909 201 201 354 708
706 1059 709 1264 201 201 709 1063
1059 1412 1064 1619 201 201 1064 1418
1412 1765 1419 1973 201 201 1419 1772
1765 2118 1773 2328 201 201 1773 2127
2118 2471 2128 2683 201 201 2128 2482
2471 2824 2483 3038 201 201 2483 2837
2824 3177 2838 3392 201 201 2838 3191
3177 3530 3192 3747 201 201 3192 3546
3530 3883 3547 4102 201 201 3547 3901
3883 4236 3902 4457 201 201 3902 4256
4236 4589 4257 4812 201 201 4257 4611
4589 4950 4612 5174 201 0 4612 5174
13
elemin, elemax, nodemin, nodemax, nedgenode_l, nedgenode_r, NodeIteratorMin, NodeIteratorMax
0 380 29849 30431 0 201 29849 30230
380 760 30231 30813 201 201 30231 30612
760 1140 30613 31194 201 201 30613 30993
1140 1520 30994 31576 201 201 30994 31375
1520 1900 31376 31958 201 201 31376 31757
1900 2280 31758 32340 201 201 31758 32139
2280 2660 32140 32722 201 201 32140 32521
2660 3040 32522 33104 201 201 32522 32903
3040 3420 32904 33486 201 201 32904 33285
3420 3800 33286 33868 201 201 33286 33667
3800 4180 33668 34250 201 201 33668 34049
4180 4560 34050 34632 201 201 34050 34431
4560 4950 34432 35024 201 0 34432 35024
15
elemin, elemax, nodemin, nodemax, nedgenode_l, nedgenode_r, NodeIteratorMin, NodeIteratorMax
0 330 0 531 0 201 0 330
330 660 331 863 201 201 331 662
660 990 663 1194 201 201 663 993
990 1320 994 1526 201 201 994 1325
1320 1650 1326 1858 201 201 1326 1657
1650 1980 1658 2189 201 201 1658 1988
1980 2310 1989 2521 201 201 1989 2320
2310 2640 2321 2853 201 201 2321 2652
2640 2970 2653 3184 201 201 2653 2983
2970 3300 2984 3516 201 201 2984 3315
3300 3630 3316 3848 201 201 3316 3647
3630 3960 3648 4179 201 201 3648 3978
3960 4290 3979 4511 201 201 3979 4310
4290 4620 4311 4843 201 201 4311 4642
4620 4950 4643 5174 201 0 4643 5174
14
16
elemin, elemax, nodemin, nodemax, nedgenode_l, nedgenode_r, NodeIteratorMin, NodeIteratorMax
elemin, elemax, nodemin, nodemax, nedgenode_l, nedgenode_r, NodeIteratorMin, NodeIteratorMax
0 353 29849 30404 0 201 29849 30203
0 309 0 510 0 201 0 309
353 706 30204 30758 201 201 30204 30557
309 618 310 821 201 201 310 620
706 1059 30558 31113 201 201 30558 30912
618 927 621 1131 201 201 621 930
1059 1412 30913 31468 201 201 30913 31267
927 1236 931 1442 201 201 931 1241
1412 1765 31268 31823 201 201 31268 31622
1236 1545 1242 1752 201 201 1242 1551
1765 2118 31623 32177 201 201 31623 31976
1545 1854 1552 2063 201 201 1552 1862
2118 2471 31977 32532 201 201 31977 32331
1854 2163 1863 2373 201 201 1863 2172
2471 2824 32332 32887 201 201 32332 32686
2163 2472 2173 2684 201 201 2173 2483
2824 3177 32687 33242 201 201 32687 33041
2472 2781 2484 2994 201 201 2484 2793
3177 3530 33042 33596 201 201 33042 33395
2781 3090 2794 3305 201 201 2794 3104
3530 3883 33396 33951 201 201 33396 33750
3090 3399 3105 3616 201 201 3105 3415
3883 4236 33751 34306 201 201 33751 34105
3399 3708 3416 3926 201 201 3416 3725
4236 4589 34106 34661 201 201 34106 34460
3708 4017 3726 4237 201 201 3726 4036
4589 4950 34461 35024 201 0 34461 35024
4017 4326 4037 4547 201 201 4037 4346
4326 4635 4347 4858 201 201 4347 4657
4635 4950 4658 5174 201 0 4658 5174
15
elemin, elemax, nodemin, nodemax, nedgenode_l, nedgenode_r, NodeIteratorMin, NodeIteratorMax
0 330 29849 30380 0 201 29849 30179
330 660 30180 30712 201 201 30180 30511
660 990 30512 31044 201 201 30512 30843
990 1320 30844 31375 201 201 30844 31174
1320 1650 31175 31707 201 201 31175 31506
1650 1980 31507 32039 201 201 31507 31838
1980 2310 31839 32370 201 201 31839 32169
2310 2640 32170 32702 201 201 32170 32501
2640 2970 32502 33034 201 201 32502 32833
2970 3300 32834 33365 201 201 32834 33164
3300 3630 33165 33697 201 201 33165 33496
3630 3960 33497 34029 201 201 33497 33828
3960 4290 33829 34360 201 201 33829 34159
4290 4620 34160 34692 201 201 34160 34491
4620 4950 34492 35024 201 0 34492 35024
16
elemin, elemax, nodemin, nodemax, nedgenode_l, nedgenode_r, NodeIteratorMin, NodeIteratorMax
0 309 29849 30359 0 201 29849 30158
309 618 30159 30670 201 201 30159 30469
618 927 30470 30980 201 201 30470 30779
927 1236 30780 31291 201 201 30780 31090
1236 1545 31091 31602 201 201 31091 31401
1545 1854 31402 31912 201 201 31402 31711
1854 2163 31712 32223 201 201 31712 32022
2163 2472 32023 32533 201 201 32023 32332
2472 2781 32333 32844 201 201 32333 32643
2781 3090 32644 33154 201 201 32644 32953
3090 3399 32954 33465 201 201 32954 33264
3399 3708 33265 33775 201 201 33265 33574
3708 4017 33575 34086 201 201 33575 33885
4017 4326 33886 34396 201 201 33886 34195
4326 4635 34196 34707 201 201 34196 34506
4635 4950 34507 35024 201 0 34507 35024
