1
elemin, elemax, nodemin, nodemax, nedgenode_l, nedgenode_r, NodeIteratorMin, NodeIteratorMax
0 4950 0 10295 0 0 0 10295
2
elemin, elemax, nodemin, nodemax, nedgenode_l, nedgenode_r, NodeIteratorMin, NodeIteratorMax
0 2475 0 7821 0 5446 0 2375
2475 4950 2376 10295 5446 0 2376 10295
3
elemin, elemax, nodemin, nodemax, nedgenode_l, nedgenode_r, NodeIteratorMin, NodeIteratorMax
0 1650 0 6996 0 5413 0 1583
1650 3300 1584 8646 5413 5479 1584 3167
3300 4950 3168 10295 5479 0 3168 10295
4
elemin, elemax, nodemin, nodemax, nedgenode_l, nedgenode_r, NodeIteratorMin, NodeIteratorMax
0 1237 0 6583 0 5396 0 1187
1237 2474 1188 7820 5396 5445 1188 2375
2474 3711 2376 9057 5445 5494 2376 3563
3711 4950 3564 10295 5494 0 3564 10295
5
elemin, elemax, nodemin, nodemax, nedgenode_l, nedgenode_r, NodeIteratorMin, NodeIteratorMax
0 990 0 6335 0 5346 0 989
990 1980 990 7325 5346 5346 990 1979
1980 2970 1980 8315 5346 5346 1980 2969
2970 3960 2970 9305 5346 5346 2970 3959
3960 4950 3960 10295 5346 0 3960 10295
6
elemin, elemax, nodemin, nodemax, nedgenode_l, nedgenode_r, NodeIteratorMin, NodeIteratorMax
0 825 0 6171 0 5380 0 791
825 1650 792 6996 5380 5413 792 1583
1650 2475 1584 7821 5413 5446 1584 2375
2475 3300 2376 8646 5446 5479 2376 3167
3300 4125 3168 9471 5479 5512 3168 3959
4125 4950 3960 10295 5512 0 3960 10295
7
elemin, elemax, nodemin, nodemax, nedgenode_l, nedgenode_r, NodeIteratorMin, NodeIteratorMax
0 707 0 6053 0 5460 0 593
707 1414 594 6760 5460 5375 594 1385
1414 2121 1386 7467 5375 5488 1386 1979
2121 2828 1980 8174 5488 5403 1980 2771
2828 3535 2772 8881 5403 5516 2772 3365
3535 4242 3366 9588 5516 5431 3366 4157
4242 4950 4158 10295 5431 0 4158 10295
8
elemin, elemax, nodemin, nodemax, nedgenode_l, nedgenode_r, NodeIteratorMin, NodeIteratorMax
0 618 0 5964 0 5371 0 593
618 1236 594 6582 5371 5395 594 1187
1236 1854 1188 7200 5395 5419 1188 1781
1854 2472 1782 7818 5419 5443 1782 2375
2472 3090 2376 8436 5443 5467 2376 2969
3090 3708 2970 9054 5467 5491 2970 3563
3708 4326 3564 9672 5491 5515 3564 4157
4326 4950 4158 10295 5515 0 4158 10295
