0	1	1	1	2	
199	1	1	1	2	
398	1	1	1	2	
597	1	1	1	2	
796	1	1	1	2	
995	1	1	1	2	
1194	1	1	1	2	
1393	1	1	1	2	
1592	1	1	1	2	
1791	1	1	1	2	
1990	1	1	1	2	
2189	1	1	1	2	
2388	1	1	1	2	
2587	1	1	1	2	
2786	1	1	1	2	
2985	1	1	1	2	
3184	1	1	1	2	
3383	1	1	1	2	
3582	1	1	1	2	
3781	1	1	1	2	
3980	1	1	1	2	
4179	1	1	1	2	
4378	1	1	1	2	
4577	1	1	1	2	
4776	1	1	1	2	
4975	1	1	1	2	
5174	1	1	1	2	
5373	1	1	1	2	
5572	1	1	1	2	
5771	1	1	1	2	
5970	1	1	1	2	
6169	1	1	1	2	
6368	1	1	1	2	
6567	1	1	1	2	
6766	1	1	1	2	
6965	1	1	1	2	
7164	1	1	1	2	
7363	1	1	1	2	
7562	1	1	1	2	
7761	1	1	1	2	
7960	1	1	1	2	
8159	1	1	1	2	
8358	1	1	1	2	
8557	1	1	1	2	
8756	1	1	1	2	
8955	1	1	1	2	
9154	1	1	1	2	
9353	1	1	1	2	
9552	1	1	1	2	
9751	1	1	1	2	
9950	1	1	1	2	
10149	1	1	1	2	
10348	1	1	1	2	
10547	1	1	1	2	
10746	1	1	1	2	
10945	1	1	1	2	
11144	1	1	1	2	
11343	1	1	1	2	
11542	1	1	1	2	
11741	1	1	1	2	
11940	1	1	1	2	
12139	1	1	1	2	
12338	1	1	1	2	
12537	1	1	1	2	
12736	1	1	1	2	
12935	1	1	1	2	
13134	1	1	1	2	
13333	1	1	1	2	
13532	1	1	1	2	
13731	1	1	1	2	
13930	1	1	1	2	
14129	1	1	1	2	
14328	1	1	1	2	
14527	1	1	1	2	
14726	1	1	1	2	
14925	1	1	1	2	
15124	1	1	1	2	
15323	1	1	1	2	
15522	1	1	1	2	
15721	1	1	1	2	
15920	1	1	1	2	
16119	1	1	1	2	
16318	1	1	1	2	
16517	1	1	1	2	
16716	1	1	1	2	
16915	1	1	1	2	
17114	1	1	1	2	
17313	1	1	1	2	
17512	1	1	1	2	
17711	1	1	1	2	
17910	1	1	1	2	
18109	1	1	1	2	
18308	1	1	1	2	
18507	1	1	1	2	
18706	1	1	1	2	
18905	1	1	1	2	
19104	1	1	1	2	
19303	1	1	1	2	
19502	1	1	1	2	
19701	1	1	1	2	
19900	1	1	1	2	
20099	1	1	1	2	
20298	1	1	1	2	
20497	1	1	1	2	
20696	1	1	1	2	
20895	1	1	1	2	
21094	1	1	1	2	
21293	1	1	1	2	
21492	1	1	1	2	
21691	1	1	1	2	
21890	1	1	1	2	
22089	1	1	1	2	
22288	1	1	1	2	
22487	1	1	1	2	
22686	1	1	1	2	
22885	1	1	1	2	
23084	1	1	1	2	
23283	1	1	1	2	
23482	1	1	1	2	
23681	1	1	1	2	
23880	1	1	1	2	
24079	1	1	1	2	
24278	1	1	1	2	
24477	1	1	1	2	
24676	1	1	1	2	
24875	1	1	1	2	
25074	1	1	1	2	
25273	1	1	1	2	
25472	1	1	1	2	
25671	1	1	1	2	
25870	1	1	1	2	
26069	1	1	1	2	
26268	1	1	1	2	
26467	1	1	1	2	
26666	1	1	1	2	
26865	1	1	1	2	
27064	1	1	1	2	
27263	1	1	1	2	
27462	1	1	1	2	
27661	1	1	1	2	
27860	1	1	1	2	
28059	1	1	1	2	
28258	1	1	1	2	
28457	1	1	1	2	
28656	1	1	1	2	
28855	1	1	1	2	
29054	1	1	1	2	
29253	1	1	1	2	
29452	1	1	1	2	
29651	1	1	1	2	
29850	1	1	1	2	
30049	1	1	1	2	
30248	1	1	1	2	
30447	1	1	1	2	
30646	1	1	1	2	
30845	1	1	1	2	
31044	1	1	1	2	
31243	1	1	1	2	
31442	1	1	1	2	
31641	1	1	1	2	
31840	1	1	1	2	
32039	1	1	1	2	
32238	1	1	1	2	
32437	1	1	1	2	
32636	1	1	1	2	
32835	1	1	1	2	
33034	1	1	1	2	
33233	1	1	1	2	
33432	1	1	1	2	
33631	1	1	1	2	
33830	1	1	1	2	
34029	1	1	1	2	
34228	1	1	1	2	
34427	1	1	1	2	
34626	1	1	1	2	
34825	1	1	1	2	
35024	1	1	1	2	
35223	1	1	1	2	
35422	1	1	1	2	
35621	1	1	1	2	
35820	1	1	1	2	
36019	1	1	1	2	
36218	1	1	1	2	
36417	1	1	1	2	
36616	1	1	1	2	
36815	1	1	1	2	
37014	1	1	1	2	
37213	1	1	1	2	
37412	1	1	1	2	
37611	1	1	1	2	
37810	1	1	1	2	
38009	1	1	1	2	
38208	1	1	1	2	
38407	1	1	1	2	
38606	1	1	1	2	
38805	1	1	1	2	
39004	1	1	1	2	
39203	1	1	1	2	
39402	1	1	1	2	
198	3	1	3	0	
397	3	1	3	0	
596	3	1	3	0	
795	3	1	3	0	
994	3	1	3	0	
1193	3	1	3	0	
1392	3	1	3	0	
1591	3	1	3	0	
1790	3	1	3	0	
1989	3	1	3	0	
2188	3	1	3	0	
2387	3	1	3	0	
2586	3	1	3	0	
2785	3	1	3	0	
2984	3	1	3	0	
3183	3	1	3	0	
3382	3	1	3	0	
3581	3	1	3	0	
3780	3	1	3	0	
3979	3	1	3	0	
4178	3	1	3	0	
4377	3	1	3	0	
4576	3	1	3	0	
4775	3	1	3	0	
4974	3	1	3	0	
5173	3	1	3	0	
5372	3	1	3	0	
5571	3	1	3	0	
5770	3	1	3	0	
5969	3	1	3	0	
6168	3	1	3	0	
6367	3	1	3	0	
6566	3	1	3	0	
6765	3	1	3	0	
6964	3	1	3	0	
7163	3	1	3	0	
7362	3	1	3	0	
7561	3	1	3	0	
7760	3	1	3	0	
7959	3	1	3	0	
8158	3	1	3	0	
8357	3	1	3	0	
8556	3	1	3	0	
8755	3	1	3	0	
8954	3	1	3	0	
9153	3	1	3	0	
9352	3	1	3	0	
9551	3	1	3	0	
9750	3	1	3	0	
9949	3	1	3	0	
10148	3	1	3	0	
10347	3	1	3	0	
10546	3	1	3	0	
10745	3	1	3	0	
10944	3	1	3	0	
11143	3	1	3	0	
11342	3	1	3	0	
11541	3	1	3	0	
11740	3	1	3	0	
11939	3	1	3	0	
12138	3	1	3	0	
12337	3	1	3	0	
12536	3	1	3	0	
12735	3	1	3	0	
12934	3	1	3	0	
13133	3	1	3	0	
13332	3	1	3	0	
13531	3	1	3	0	
13730	3	1	3	0	
13929	3	1	3	0	
14128	3	1	3	0	
14327	3	1	3	0	
14526	3	1	3	0	
14725	3	1	3	0	
14924	3	1	3	0	
15123	3	1	3	0	
15322	3	1	3	0	
15521	3	1	3	0	
15720	3	1	3	0	
15919	3	1	3	0	
16118	3	1	3	0	
16317	3	1	3	0	
16516	3	1	3	0	
16715	3	1	3	0	
16914	3	1	3	0	
17113	3	1	3	0	
17312	3	1	3	0	
17511	3	1	3	0	
17710	3	1	3	0	
17909	3	1	3	0	
18108	3	1	3	0	
18307	3	1	3	0	
18506	3	1	3	0	
18705	3	1	3	0	
18904	3	1	3	0	
19103	3	1	3	0	
19302	3	1	3	0	
19501	3	1	3	0	
19700	3	1	3	0	
19899	3	1	3	0	
20098	3	1	3	0	
20297	3	1	3	0	
20496	3	1	3	0	
20695	3	1	3	0	
20894	3	1	3	0	
21093	3	1	3	0	
21292	3	1	3	0	
21491	3	1	3	0	
21690	3	1	3	0	
21889	3	1	3	0	
22088	3	1	3	0	
22287	3	1	3	0	
22486	3	1	3	0	
22685	3	1	3	0	
22884	3	1	3	0	
23083	3	1	3	0	
23282	3	1	3	0	
23481	3	1	3	0	
23680	3	1	3	0	
23879	3	1	3	0	
24078	3	1	3	0	
24277	3	1	3	0	
24476	3	1	3	0	
24675	3	1	3	0	
24874	3	1	3	0	
25073	3	1	3	0	
25272	3	1	3	0	
25471	3	1	3	0	
25670	3	1	3	0	
25869	3	1	3	0	
26068	3	1	3	0	
26267	3	1	3	0	
26466	3	1	3	0	
26665	3	1	3	0	
26864	3	1	3	0	
27063	3	1	3	0	
27262	3	1	3	0	
27461	3	1	3	0	
27660	3	1	3	0	
27859	3	1	3	0	
28058	3	1	3	0	
28257	3	1	3	0	
28456	3	1	3	0	
28655	3	1	3	0	
28854	3	1	3	0	
29053	3	1	3	0	
29252	3	1	3	0	
29451	3	1	3	0	
29650	3	1	3	0	
29849	3	1	3	0	
30048	3	1	3	0	
30247	3	1	3	0	
30446	3	1	3	0	
30645	3	1	3	0	
30844	3	1	3	0	
31043	3	1	3	0	
31242	3	1	3	0	
31441	3	1	3	0	
31640	3	1	3	0	
31839	3	1	3	0	
32038	3	1	3	0	
32237	3	1	3	0	
32436	3	1	3	0	
32635	3	1	3	0	
32834	3	1	3	0	
33033	3	1	3	0	
33232	3	1	3	0	
33431	3	1	3	0	
33630	3	1	3	0	
33829	3	1	3	0	
34028	3	1	3	0	
34227	3	1	3	0	
34426	3	1	3	0	
34625	3	1	3	0	
34824	3	1	3	0	
35023	3	1	3	0	
35222	3	1	3	0	
35421	3	1	3	0	
35620	3	1	3	0	
35819	3	1	3	0	
36018	3	1	3	0	
36217	3	1	3	0	
36416	3	1	3	0	
36615	3	1	3	0	
36814	3	1	3	0	
37013	3	1	3	0	
37212	3	1	3	0	
37411	3	1	3	0	
37610	3	1	3	0	
37809	3	1	3	0	
38008	3	1	3	0	
38207	3	1	3	0	
38406	3	1	3	0	
38605	3	1	3	0	
38804	3	1	3	0	
39003	3	1	3	0	
39202	3	1	3	0	
39401	3	1	3	0	
39600	3	1	3	0	
0	0	1	0	1	
1	0	1	0	1	
2	0	1	0	1	
3	0	1	0	1	
4	0	1	0	1	
5	0	1	0	1	
6	0	1	0	1	
7	0	1	0	1	
8	0	1	0	1	
9	0	1	0	1	
10	0	1	0	1	
11	0	1	0	1	
12	0	1	0	1	
13	0	1	0	1	
14	0	1	0	1	
15	0	1	0	1	
16	0	1	0	1	
17	0	1	0	1	
18	0	1	0	1	
19	0	1	0	1	
20	0	1	0	1	
21	0	1	0	1	
22	0	1	0	1	
23	0	1	0	1	
24	0	1	0	1	
25	0	1	0	1	
26	0	1	0	1	
27	0	1	0	1	
28	0	1	0	1	
29	0	1	0	1	
30	0	1	0	1	
31	0	1	0	1	
32	0	1	0	1	
33	0	1	0	1	
34	0	1	0	1	
35	0	1	0	1	
36	0	1	0	1	
37	0	1	0	1	
38	0	1	0	1	
39	0	1	0	1	
40	0	1	0	1	
41	0	1	0	1	
42	0	1	0	1	
43	0	1	0	1	
44	0	1	0	1	
45	0	1	0	1	
46	0	1	0	1	
47	0	1	0	1	
48	0	1	0	1	
49	0	1	0	1	
50	0	1	0	1	
51	0	1	0	1	
52	0	1	0	1	
53	0	1	0	1	
54	0	1	0	1	
55	0	1	0	1	
56	0	1	0	1	
57	0	1	0	1	
58	0	1	0	1	
59	0	1	0	1	
60	0	1	0	1	
61	0	1	0	1	
62	0	1	0	1	
63	0	1	0	1	
64	0	1	0	1	
65	0	1	0	1	
66	0	1	0	1	
67	0	1	0	1	
68	0	1	0	1	
69	0	1	0	1	
70	0	1	0	1	
71	0	1	0	1	
72	0	1	0	1	
73	0	1	0	1	
74	0	1	0	1	
75	0	1	0	1	
76	0	1	0	1	
77	0	1	0	1	
78	0	1	0	1	
79	0	1	0	1	
80	0	1	0	1	
81	0	1	0	1	
82	0	1	0	1	
83	0	1	0	1	
84	0	1	0	1	
85	0	1	0	1	
86	0	1	0	1	
87	0	1	0	1	
88	0	1	0	1	
89	0	1	0	1	
90	0	1	0	1	
91	0	1	0	1	
92	0	1	0	1	
93	0	1	0	1	
94	0	1	0	1	
95	0	1	0	1	
96	0	1	0	1	
97	0	1	0	1	
98	0	1	0	1	
99	0	1	0	1	
100	0	1	0	1	
101	0	1	0	1	
102	0	1	0	1	
103	0	1	0	1	
104	0	1	0	1	
105	0	1	0	1	
106	0	1	0	1	
107	0	1	0	1	
108	0	1	0	1	
109	0	1	0	1	
110	0	1	0	1	
111	0	1	0	1	
112	0	1	0	1	
113	0	1	0	1	
114	0	1	0	1	
115	0	1	0	1	
116	0	1	0	1	
117	0	1	0	1	
118	0	1	0	1	
119	0	1	0	1	
120	0	1	0	1	
121	0	1	0	1	
122	0	1	0	1	
123	0	1	0	1	
124	0	1	0	1	
125	0	1	0	1	
126	0	1	0	1	
127	0	1	0	1	
128	0	1	0	1	
129	0	1	0	1	
130	0	1	0	1	
131	0	1	0	1	
132	0	1	0	1	
133	0	1	0	1	
134	0	1	0	1	
135	0	1	0	1	
136	0	1	0	1	
137	0	1	0	1	
138	0	1	0	1	
139	0	1	0	1	
140	0	1	0	1	
141	0	1	0	1	
142	0	1	0	1	
143	0	1	0	1	
144	0	1	0	1	
145	0	1	0	1	
146	0	1	0	1	
147	0	1	0	1	
148	0	1	0	1	
149	0	1	0	1	
150	0	1	0	1	
151	0	1	0	1	
152	0	1	0	1	
153	0	1	0	1	
154	0	1	0	1	
155	0	1	0	1	
156	0	1	0	1	
157	0	1	0	1	
158	0	1	0	1	
159	0	1	0	1	
160	0	1	0	1	
161	0	1	0	1	
162	0	1	0	1	
163	0	1	0	1	
164	0	1	0	1	
165	0	1	0	1	
166	0	1	0	1	
167	0	1	0	1	
168	0	1	0	1	
169	0	1	0	1	
170	0	1	0	1	
171	0	1	0	1	
172	0	1	0	1	
173	0	1	0	1	
174	0	1	0	1	
175	0	1	0	1	
176	0	1	0	1	
177	0	1	0	1	
178	0	1	0	1	
179	0	1	0	1	
180	0	1	0	1	
181	0	1	0	1	
182	0	1	0	1	
183	0	1	0	1	
184	0	1	0	1	
185	0	1	0	1	
186	0	1	0	1	
187	0	1	0	1	
188	0	1	0	1	
189	0	1	0	1	
190	0	1	0	1	
191	0	1	0	1	
192	0	1	0	1	
193	0	1	0	1	
194	0	1	0	1	
195	0	1	0	1	
196	0	1	0	1	
197	0	1	0	1	
198	0	1	0	1	
39402	2	-1	2	3	
39403	2	-1	2	3	
39404	2	-1	2	3	
39405	2	-1	2	3	
39406	2	-1	2	3	
39407	2	-1	2	3	
39408	2	-1	2	3	
39409	2	-1	2	3	
39410	2	-1	2	3	
39411	2	-1	2	3	
39412	2	-1	2	3	
39413	2	-1	2	3	
39414	2	-1	2	3	
39415	2	-1	2	3	
39416	2	-1	2	3	
39417	2	-1	2	3	
39418	2	-1	2	3	
39419	2	-1	2	3	
39420	2	-1	2	3	
39421	2	-1	2	3	
39422	2	-1	2	3	
39423	2	-1	2	3	
39424	2	-1	2	3	
39425	2	-1	2	3	
39426	2	-1	2	3	
39427	2	-1	2	3	
39428	2	-1	2	3	
39429	2	-1	2	3	
39430	2	-1	2	3	
39431	2	-1	2	3	
39432	2	-1	2	3	
39433	2	-1	2	3	
39434	2	-1	2	3	
39435	2	-1	2	3	
39436	2	-1	2	3	
39437	2	-1	2	3	
39438	2	-1	2	3	
39439	2	-1	2	3	
39440	2	-1	2	3	
39441	2	-1	2	3	
39442	2	-1	2	3	
39443	2	-1	2	3	
39444	2	-1	2	3	
39445	2	-1	2	3	
39446	2	-1	2	3	
39447	2	-1	2	3	
39448	2	-1	2	3	
39449	2	-1	2	3	
39450	2	-1	2	3	
39451	2	-1	2	3	
39452	2	-1	2	3	
39453	2	-1	2	3	
39454	2	-1	2	3	
39455	2	-1	2	3	
39456	2	-1	2	3	
39457	2	-1	2	3	
39458	2	-1	2	3	
39459	2	-1	2	3	
39460	2	-1	2	3	
39461	2	-1	2	3	
39462	2	-1	2	3	
39463	2	-1	2	3	
39464	2	-1	2	3	
39465	2	-1	2	3	
39466	2	-1	2	3	
39467	2	-1	2	3	
39468	2	-1	2	3	
39469	2	-1	2	3	
39470	2	-1	2	3	
39471	2	-1	2	3	
39472	2	-1	2	3	
39473	2	-1	2	3	
39474	2	-1	2	3	
39475	2	-1	2	3	
39476	2	-1	2	3	
39477	2	-1	2	3	
39478	2	-1	2	3	
39479	2	-1	2	3	
39480	2	-1	2	3	
39481	2	-1	2	3	
39482	2	-1	2	3	
39483	2	-1	2	3	
39484	2	-1	2	3	
39485	2	-1	2	3	
39486	2	-1	2	3	
39487	2	-1	2	3	
39488	2	-1	2	3	
39489	2	-1	2	3	
39490	2	-1	2	3	
39491	2	-1	2	3	
39492	2	-1	2	3	
39493	2	-1	2	3	
39494	2	-1	2	3	
39495	2	-1	2	3	
39496	2	-1	2	3	
39497	2	-1	2	3	
39498	2	-1	2	3	
39499	2	-1	2	3	
39500	2	-1	2	3	
39501	2	-1	2	3	
39502	2	-1	2	3	
39503	2	-1	2	3	
39504	2	-1	2	3	
39505	2	-1	2	3	
39506	2	-1	2	3	
39507	2	-1	2	3	
39508	2	-1	2	3	
39509	2	-1	2	3	
39510	2	-1	2	3	
39511	2	-1	2	3	
39512	2	-1	2	3	
39513	2	-1	2	3	
39514	2	-1	2	3	
39515	2	-1	2	3	
39516	2	-1	2	3	
39517	2	-1	2	3	
39518	2	-1	2	3	
39519	2	-1	2	3	
39520	2	-1	2	3	
39521	2	-1	2	3	
39522	2	-1	2	3	
39523	2	-1	2	3	
39524	2	-1	2	3	
39525	2	-1	2	3	
39526	2	-1	2	3	
39527	2	-1	2	3	
39528	2	-1	2	3	
39529	2	-1	2	3	
39530	2	-1	2	3	
39531	2	-1	2	3	
39532	2	-1	2	3	
39533	2	-1	2	3	
39534	2	-1	2	3	
39535	2	-1	2	3	
39536	2	-1	2	3	
39537	2	-1	2	3	
39538	2	-1	2	3	
39539	2	-1	2	3	
39540	2	-1	2	3	
39541	2	-1	2	3	
39542	2	-1	2	3	
39543	2	-1	2	3	
39544	2	-1	2	3	
39545	2	-1	2	3	
39546	2	-1	2	3	
39547	2	-1	2	3	
39548	2	-1	2	3	
39549	2	-1	2	3	
39550	2	-1	2	3	
39551	2	-1	2	3	
39552	2	-1	2	3	
39553	2	-1	2	3	
39554	2	-1	2	3	
39555	2	-1	2	3	
39556	2	-1	2	3	
39557	2	-1	2	3	
39558	2	-1	2	3	
39559	2	-1	2	3	
39560	2	-1	2	3	
39561	2	-1	2	3	
39562	2	-1	2	3	
39563	2	-1	2	3	
39564	2	-1	2	3	
39565	2	-1	2	3	
39566	2	-1	2	3	
39567	2	-1	2	3	
39568	2	-1	2	3	
39569	2	-1	2	3	
39570	2	-1	2	3	
39571	2	-1	2	3	
39572	2	-1	2	3	
39573	2	-1	2	3	
39574	2	-1	2	3	
39575	2	-1	2	3	
39576	2	-1	2	3	
39577	2	-1	2	3	
39578	2	-1	2	3	
39579	2	-1	2	3	
39580	2	-1	2	3	
39581	2	-1	2	3	
39582	2	-1	2	3	
39583	2	-1	2	3	
39584	2	-1	2	3	
39585	2	-1	2	3	
39586	2	-1	2	3	
39587	2	-1	2	3	
39588	2	-1	2	3	
39589	2	-1	2	3	
39590	2	-1	2	3	
39591	2	-1	2	3	
39592	2	-1	2	3	
39593	2	-1	2	3	
39594	2	-1	2	3	
39595	2	-1	2	3	
39596	2	-1	2	3	
39597	2	-1	2	3	
39598	2	-1	2	3	
39599	2	-1	2	3	
39600	2	-1	2	3	
