1
elemin, elemax, nodemin, nodemax, nedgenode_l, nedgenode_r, NodeIteratorMin, NodeIteratorMax
0 39601 0 39999 0 0 0 39999
2
elemin, elemax, nodemin, nodemax, nedgenode_l, nedgenode_r, NodeIteratorMin, NodeIteratorMax
0 19800 0 20099 0 201 0 19898
19800 39601 19899 39999 201 0 19899 39999
3
elemin, elemax, nodemin, nodemax, nedgenode_l, nedgenode_r, NodeIteratorMin, NodeIteratorMax
0 13200 0 13466 0 201 0 13265
13200 26400 13266 26732 201 201 13266 26531
26400 39601 26532 39999 201 0 26532 39999
4
elemin, elemax, nodemin, nodemax, nedgenode_l, nedgenode_r, NodeIteratorMin, NodeIteratorMax
0 9900 0 10149 0 201 0 9948
9900 19800 9949 20099 201 201 9949 19898
19800 29700 19899 30049 201 201 19899 29848
29700 39601 29849 39999 201 0 29849 39999
5
elemin, elemax, nodemin, nodemax, nedgenode_l, nedgenode_r, NodeIteratorMin, NodeIteratorMax
0 7920 0 8159 0 201 0 7958
7920 15840 7959 16119 201 201 7959 15918
15840 23760 15919 24079 201 201 15919 23878
23760 31680 23879 32039 201 201 23879 31838
31680 39601 31839 39999 201 0 31839 39999
6
elemin, elemax, nodemin, nodemax, nedgenode_l, nedgenode_r, NodeIteratorMin, NodeIteratorMax
0 6600 0 6833 0 201 0 6632
6600 13200 6633 13466 201 201 6633 13265
13200 19800 13266 20099 201 201 13266 19898
19800 26400 19899 26732 201 201 19899 26531
26400 33000 26532 33365 201 201 26532 33164
33000 39601 33165 39999 201 0 33165 39999
7
elemin, elemax, nodemin, nodemax, nedgenode_l, nedgenode_r, NodeIteratorMin, NodeIteratorMax
0 5657 0 5885 0 201 0 5684
5657 11314 5685 11570 201 201 5685 11369
11314 16971 11370 17256 201 201 11370 17055
16971 22628 17056 22941 201 201 17056 22740
22628 28285 22741 28627 201 201 22741 28426
28285 33942 28427 34312 201 201 28427 34111
33942 39601 34112 39999 201 0 34112 39999
8
elemin, elemax, nodemin, nodemax, nedgenode_l, nedgenode_r, NodeIteratorMin, NodeIteratorMax
0 4950 0 5174 0 201 0 4973
4950 9900 4974 10149 201 201 4974 9948
9900 14850 9949 15124 201 201 9949 14923
14850 19800 14924 20099 201 201 14924 19898
19800 24750 19899 25074 201 201 19899 24873
24750 29700 24874 30049 201 201 24874 29848
29700 34650 29849 35024 201 201 29849 34823
34650 39601 34824 39999 201 0 34824 39999
