1 2 1 51 52 
2 3 2 52 53 
3 4 3 53 54 
4 5 4 54 55 
5 6 5 55 56 
6 7 6 56 57 
7 8 7 57 58 
8 9 8 58 59 
9 10 9 59 60 
10 11 10 60 61 
11 12 11 61 62 
12 13 12 62 63 
13 14 13 63 64 
14 15 14 64 65 
15 16 15 65 66 
16 17 16 66 67 
17 18 17 67 68 
18 19 18 68 69 
19 20 19 69 70 
20 21 20 70 71 
21 22 21 71 72 
22 23 22 72 73 
23 24 23 73 74 
24 25 24 74 75 
25 26 25 75 76 
26 27 26 76 77 
27 28 27 77 78 
28 29 28 78 79 
29 30 29 79 80 
30 31 30 80 81 
31 32 31 81 82 
32 33 32 82 83 
33 34 33 83 84 
34 35 34 84 85 
35 36 35 85 86 
36 37 36 86 87 
37 38 37 87 88 
38 39 38 88 89 
39 40 39 89 90 
40 41 40 90 91 
41 42 41 91 92 
42 43 42 92 93 
43 44 43 93 94 
44 45 44 94 95 
45 46 45 95 96 
46 47 46 96 97 
47 48 47 97 98 
48 49 48 98 99 
49 50 49 99 100 
50 52 51 101 102 
51 53 52 102 103 
52 54 53 103 104 
53 55 54 104 105 
54 56 55 105 106 
55 57 56 106 107 
56 58 57 107 108 
57 59 58 108 109 
58 60 59 109 110 
59 61 60 110 111 
60 62 61 111 112 
61 63 62 112 113 
62 64 63 113 114 
63 65 64 114 115 
64 66 65 115 116 
65 67 66 116 117 
66 68 67 117 118 
67 69 68 118 119 
68 70 69 119 120 
69 71 70 120 121 
70 72 71 121 122 
71 73 72 122 123 
72 74 73 123 124 
73 75 74 124 125 
74 76 75 125 126 
75 77 76 126 127 
76 78 77 127 128 
77 79 78 128 129 
78 80 79 129 130 
79 81 80 130 131 
80 82 81 131 132 
81 83 82 132 133 
82 84 83 133 134 
83 85 84 134 135 
84 86 85 135 136 
85 87 86 136 137 
86 88 87 137 138 
87 89 88 138 139 
88 90 89 139 140 
89 91 90 140 141 
90 92 91 141 142 
91 93 92 142 143 
92 94 93 143 144 
93 95 94 144 145 
94 96 95 145 146 
95 97 96 146 147 
96 98 97 147 148 
97 99 98 148 149 
98 100 99 149 150 
99 102 101 151 152 
100 103 102 152 153 
101 104 103 153 154 
102 105 104 154 155 
103 106 105 155 156 
104 107 106 156 157 
105 108 107 157 158 
106 109 108 158 159 
107 110 109 159 160 
108 111 110 160 161 
109 112 111 161 162 
110 113 112 162 163 
111 114 113 163 164 
112 115 114 164 165 
113 116 115 165 166 
114 117 116 166 167 
115 118 117 167 168 
116 119 118 168 169 
117 120 119 169 170 
118 121 120 170 171 
119 122 121 171 172 
120 123 122 172 173 
121 124 123 173 174 
122 125 124 174 175 
123 126 125 175 176 
124 127 126 176 177 
125 128 127 177 178 
126 129 128 178 179 
127 130 129 179 180 
128 131 130 180 181 
129 132 131 181 182 
130 133 132 182 183 
131 134 133 183 184 
132 135 134 184 185 
133 136 135 185 186 
134 137 136 186 187 
135 138 137 187 188 
136 139 138 188 189 
137 140 139 189 190 
138 141 140 190 191 
139 142 141 191 192 
140 143 142 192 193 
141 144 143 193 194 
142 145 144 194 195 
143 146 145 195 196 
144 147 146 196 197 
145 148 147 197 198 
146 149 148 198 199 
147 150 149 199 200 
148 152 151 201 202 
149 153 152 202 203 
150 154 153 203 204 
151 155 154 204 205 
152 156 155 205 206 
153 157 156 206 207 
154 158 157 207 208 
155 159 158 208 209 
156 160 159 209 210 
157 161 160 210 211 
158 162 161 211 212 
159 163 162 212 213 
160 164 163 213 214 
161 165 164 214 215 
162 166 165 215 216 
163 167 166 216 217 
164 168 167 217 218 
165 169 168 218 219 
166 170 169 219 220 
167 171 170 220 221 
168 172 171 221 222 
169 173 172 222 223 
170 174 173 223 224 
171 175 174 224 225 
172 176 175 225 226 
173 177 176 226 227 
174 178 177 227 228 
175 179 178 228 229 
176 180 179 229 230 
177 181 180 230 231 
178 182 181 231 232 
179 183 182 232 233 
180 184 183 233 234 
181 185 184 234 235 
182 186 185 235 236 
183 187 186 236 237 
184 188 187 237 238 
185 189 188 238 239 
186 190 189 239 240 
187 191 190 240 241 
188 192 191 241 242 
189 193 192 242 243 
190 194 193 243 244 
191 195 194 244 245 
192 196 195 245 246 
193 197 196 246 247 
194 198 197 247 248 
195 199 198 248 249 
196 200 199 249 250 
197 202 201 251 252 
198 203 202 252 253 
199 204 203 253 254 
200 205 204 254 255 
201 206 205 255 256 
202 207 206 256 257 
203 208 207 257 258 
204 209 208 258 259 
205 210 209 259 260 
206 211 210 260 261 
207 212 211 261 262 
208 213 212 262 263 
209 214 213 263 264 
210 215 214 264 265 
211 216 215 265 266 
212 217 216 266 267 
213 218 217 267 268 
214 219 218 268 269 
215 220 219 269 270 
216 221 220 270 271 
217 222 221 271 272 
218 223 222 272 273 
219 224 223 273 274 
220 225 224 274 275 
221 226 225 275 276 
222 227 226 276 277 
223 228 227 277 278 
224 229 228 278 279 
225 230 229 279 280 
226 231 230 280 281 
227 232 231 281 282 
228 233 232 282 283 
229 234 233 283 284 
230 235 234 284 285 
231 236 235 285 286 
232 237 236 286 287 
233 238 237 287 288 
234 239 238 288 289 
235 240 239 289 290 
236 241 240 290 291 
237 242 241 291 292 
238 243 242 292 293 
239 244 243 293 294 
240 245 244 294 295 
241 246 245 295 296 
242 247 246 296 297 
243 248 247 297 298 
244 249 248 298 299 
245 250 249 299 300 
246 252 251 301 302 
247 253 252 302 303 
248 254 253 303 304 
249 255 254 304 305 
250 256 255 305 306 
251 257 256 306 307 
252 258 257 307 308 
253 259 258 308 309 
254 260 259 309 310 
255 261 260 310 311 
256 262 261 311 312 
257 263 262 312 313 
258 264 263 313 314 
259 265 264 314 315 
260 266 265 315 316 
261 267 266 316 317 
262 268 267 317 318 
263 269 268 318 319 
264 270 269 319 320 
265 271 270 320 321 
266 272 271 321 322 
267 273 272 322 323 
268 274 273 323 324 
269 275 274 324 325 
270 276 275 325 326 
271 277 276 326 327 
272 278 277 327 328 
273 279 278 328 329 
274 280 279 329 330 
275 281 280 330 331 
276 282 281 331 332 
277 283 282 332 333 
278 284 283 333 334 
279 285 284 334 335 
280 286 285 335 336 
281 287 286 336 337 
282 288 287 337 338 
283 289 288 338 339 
284 290 289 339 340 
285 291 290 340 341 
286 292 291 341 342 
287 293 292 342 343 
288 294 293 343 344 
289 295 294 344 345 
290 296 295 345 346 
291 297 296 346 347 
292 298 297 347 348 
293 299 298 348 349 
294 300 299 349 350 
295 302 301 351 352 
296 303 302 352 353 
297 304 303 353 354 
298 305 304 354 355 
299 306 305 355 356 
300 307 306 356 357 
301 308 307 357 358 
302 309 308 358 359 
303 310 309 359 360 
304 311 310 360 361 
305 312 311 361 362 
306 313 312 362 363 
307 314 313 363 364 
308 315 314 364 365 
309 316 315 365 366 
310 317 316 366 367 
311 318 317 367 368 
312 319 318 368 369 
313 320 319 369 370 
314 321 320 370 371 
315 322 321 371 372 
316 323 322 372 373 
317 324 323 373 374 
318 325 324 374 375 
319 326 325 375 376 
320 327 326 376 377 
321 328 327 377 378 
322 329 328 378 379 
323 330 329 379 380 
324 331 330 380 381 
325 332 331 381 382 
326 333 332 382 383 
327 334 333 383 384 
328 335 334 384 385 
329 336 335 385 386 
330 337 336 386 387 
331 338 337 387 388 
332 339 338 388 389 
333 340 339 389 390 
334 341 340 390 391 
335 342 341 391 392 
336 343 342 392 393 
337 344 343 393 394 
338 345 344 394 395 
339 346 345 395 396 
340 347 346 396 397 
341 348 347 397 398 
342 349 348 398 399 
343 350 349 399 400 
344 352 351 401 402 
345 353 352 402 403 
346 354 353 403 404 
347 355 354 404 405 
348 356 355 405 406 
349 357 356 406 407 
350 358 357 407 408 
351 359 358 408 409 
352 360 359 409 410 
353 361 360 410 411 
354 362 361 411 412 
355 363 362 412 413 
356 364 363 413 414 
357 365 364 414 415 
358 366 365 415 416 
359 367 366 416 417 
360 368 367 417 418 
361 369 368 418 419 
362 370 369 419 420 
363 371 370 420 421 
364 372 371 421 422 
365 373 372 422 423 
366 374 373 423 424 
367 375 374 424 425 
368 376 375 425 426 
369 377 376 426 427 
370 378 377 427 428 
371 379 378 428 429 
372 380 379 429 430 
373 381 380 430 431 
374 382 381 431 432 
375 383 382 432 433 
376 384 383 433 434 
377 385 384 434 435 
378 386 385 435 436 
379 387 386 436 437 
380 388 387 437 438 
381 389 388 438 439 
382 390 389 439 440 
383 391 390 440 441 
384 392 391 441 442 
385 393 392 442 443 
386 394 393 443 444 
387 395 394 444 445 
388 396 395 445 446 
389 397 396 446 447 
390 398 397 447 448 
391 399 398 448 449 
392 400 399 449 450 
393 402 401 451 452 
394 403 402 452 453 
395 404 403 453 454 
396 405 404 454 455 
397 406 405 455 456 
398 407 406 456 457 
399 408 407 457 458 
400 409 408 458 459 
401 410 409 459 460 
402 411 410 460 461 
403 412 411 461 462 
404 413 412 462 463 
405 414 413 463 464 
406 415 414 464 465 
407 416 415 465 466 
408 417 416 466 467 
409 418 417 467 468 
410 419 418 468 469 
411 420 419 469 470 
412 421 420 470 471 
413 422 421 471 472 
414 423 422 472 473 
415 424 423 473 474 
416 425 424 474 475 
417 426 425 475 476 
418 427 426 476 477 
419 428 427 477 478 
420 429 428 478 479 
421 430 429 479 480 
422 431 430 480 481 
423 432 431 481 482 
424 433 432 482 483 
425 434 433 483 484 
426 435 434 484 485 
427 436 435 485 486 
428 437 436 486 487 
429 438 437 487 488 
430 439 438 488 489 
431 440 439 489 490 
432 441 440 490 491 
433 442 441 491 492 
434 443 442 492 493 
435 444 443 493 494 
436 445 444 494 495 
437 446 445 495 496 
438 447 446 496 497 
439 448 447 497 498 
440 449 448 498 499 
441 450 449 499 500 
442 452 451 501 502 
443 453 452 502 503 
444 454 453 503 504 
445 455 454 504 505 
446 456 455 505 506 
447 457 456 506 507 
448 458 457 507 508 
449 459 458 508 509 
450 460 459 509 510 
451 461 460 510 511 
452 462 461 511 512 
453 463 462 512 513 
454 464 463 513 514 
455 465 464 514 515 
456 466 465 515 516 
457 467 466 516 517 
458 468 467 517 518 
459 469 468 518 519 
460 470 469 519 520 
461 471 470 520 521 
462 472 471 521 522 
463 473 472 522 523 
464 474 473 523 524 
465 475 474 524 525 
466 476 475 525 526 
467 477 476 526 527 
468 478 477 527 528 
469 479 478 528 529 
470 480 479 529 530 
471 481 480 530 531 
472 482 481 531 532 
473 483 482 532 533 
474 484 483 533 534 
475 485 484 534 535 
476 486 485 535 536 
477 487 486 536 537 
478 488 487 537 538 
479 489 488 538 539 
480 490 489 539 540 
481 491 490 540 541 
482 492 491 541 542 
483 493 492 542 543 
484 494 493 543 544 
485 495 494 544 545 
486 496 495 545 546 
487 497 496 546 547 
488 498 497 547 548 
489 499 498 548 549 
490 500 499 549 550 
491 502 501 551 552 
492 503 502 552 553 
493 504 503 553 554 
494 505 504 554 555 
495 506 505 555 556 
496 507 506 556 557 
497 508 507 557 558 
498 509 508 558 559 
499 510 509 559 560 
500 511 510 560 561 
501 512 511 561 562 
502 513 512 562 563 
503 514 513 563 564 
504 515 514 564 565 
505 516 515 565 566 
506 517 516 566 567 
507 518 517 567 568 
508 519 518 568 569 
509 520 519 569 570 
510 521 520 570 571 
511 522 521 571 572 
512 523 522 572 573 
513 524 523 573 574 
514 525 524 574 575 
515 526 525 575 576 
516 527 526 576 577 
517 528 527 577 578 
518 529 528 578 579 
519 530 529 579 580 
520 531 530 580 581 
521 532 531 581 582 
522 533 532 582 583 
523 534 533 583 584 
524 535 534 584 585 
525 536 535 585 586 
526 537 536 586 587 
527 538 537 587 588 
528 539 538 588 589 
529 540 539 589 590 
530 541 540 590 591 
531 542 541 591 592 
532 543 542 592 593 
533 544 543 593 594 
534 545 544 594 595 
535 546 545 595 596 
536 547 546 596 597 
537 548 547 597 598 
538 549 548 598 599 
539 550 549 599 600 
540 552 551 601 602 
541 553 552 602 603 
542 554 553 603 604 
543 555 554 604 605 
544 556 555 605 606 
545 557 556 606 607 
546 558 557 607 608 
547 559 558 608 609 
548 560 559 609 610 
549 561 560 610 611 
550 562 561 611 612 
551 563 562 612 613 
552 564 563 613 614 
553 565 564 614 615 
554 566 565 615 616 
555 567 566 616 617 
556 568 567 617 618 
557 569 568 618 619 
558 570 569 619 620 
559 571 570 620 621 
560 572 571 621 622 
561 573 572 622 623 
562 574 573 623 624 
563 575 574 624 625 
564 576 575 625 626 
565 577 576 626 627 
566 578 577 627 628 
567 579 578 628 629 
568 580 579 629 630 
569 581 580 630 631 
570 582 581 631 632 
571 583 582 632 633 
572 584 583 633 634 
573 585 584 634 635 
574 586 585 635 636 
575 587 586 636 637 
576 588 587 637 638 
577 589 588 638 639 
578 590 589 639 640 
579 591 590 640 641 
580 592 591 641 642 
581 593 592 642 643 
582 594 593 643 644 
583 595 594 644 645 
584 596 595 645 646 
585 597 596 646 647 
586 598 597 647 648 
587 599 598 648 649 
588 600 599 649 650 
589 602 601 651 652 
590 603 602 652 653 
591 604 603 653 654 
592 605 604 654 655 
593 606 605 655 656 
594 607 606 656 657 
595 608 607 657 658 
596 609 608 658 659 
597 610 609 659 660 
598 611 610 660 661 
599 612 611 661 662 
600 613 612 662 663 
601 614 613 663 664 
602 615 614 664 665 
603 616 615 665 666 
604 617 616 666 667 
605 618 617 667 668 
606 619 618 668 669 
607 620 619 669 670 
608 621 620 670 671 
609 622 621 671 672 
610 623 622 672 673 
611 624 623 673 674 
612 625 624 674 675 
613 626 625 675 676 
614 627 626 676 677 
615 628 627 677 678 
616 629 628 678 679 
617 630 629 679 680 
618 631 630 680 681 
619 632 631 681 682 
620 633 632 682 683 
621 634 633 683 684 
622 635 634 684 685 
623 636 635 685 686 
624 637 636 686 687 
625 638 637 687 688 
626 639 638 688 689 
627 640 639 689 690 
628 641 640 690 691 
629 642 641 691 692 
630 643 642 692 693 
631 644 643 693 694 
632 645 644 694 695 
633 646 645 695 696 
634 647 646 696 697 
635 648 647 697 698 
636 649 648 698 699 
637 650 649 699 700 
638 652 651 701 702 
639 653 652 702 703 
640 654 653 703 704 
641 655 654 704 705 
642 656 655 705 706 
643 657 656 706 707 
644 658 657 707 708 
645 659 658 708 709 
646 660 659 709 710 
647 661 660 710 711 
648 662 661 711 712 
649 663 662 712 713 
650 664 663 713 714 
651 665 664 714 715 
652 666 665 715 716 
653 667 666 716 717 
654 668 667 717 718 
655 669 668 718 719 
656 670 669 719 720 
657 671 670 720 721 
658 672 671 721 722 
659 673 672 722 723 
660 674 673 723 724 
661 675 674 724 725 
662 676 675 725 726 
663 677 676 726 727 
664 678 677 727 728 
665 679 678 728 729 
666 680 679 729 730 
667 681 680 730 731 
668 682 681 731 732 
669 683 682 732 733 
670 684 683 733 734 
671 685 684 734 735 
672 686 685 735 736 
673 687 686 736 737 
674 688 687 737 738 
675 689 688 738 739 
676 690 689 739 740 
677 691 690 740 741 
678 692 691 741 742 
679 693 692 742 743 
680 694 693 743 744 
681 695 694 744 745 
682 696 695 745 746 
683 697 696 746 747 
684 698 697 747 748 
685 699 698 748 749 
686 700 699 749 750 
687 702 701 751 752 
688 703 702 752 753 
689 704 703 753 754 
690 705 704 754 755 
691 706 705 755 756 
692 707 706 756 757 
693 708 707 757 758 
694 709 708 758 759 
695 710 709 759 760 
696 711 710 760 761 
697 712 711 761 762 
698 713 712 762 763 
699 714 713 763 764 
700 715 714 764 765 
701 716 715 765 766 
702 717 716 766 767 
703 718 717 767 768 
704 719 718 768 769 
705 720 719 769 770 
706 721 720 770 771 
707 722 721 771 772 
708 723 722 772 773 
709 724 723 773 774 
710 725 724 774 775 
711 726 725 775 776 
712 727 726 776 777 
713 728 727 777 778 
714 729 728 778 779 
715 730 729 779 780 
716 731 730 780 781 
717 732 731 781 782 
718 733 732 782 783 
719 734 733 783 784 
720 735 734 784 785 
721 736 735 785 786 
722 737 736 786 787 
723 738 737 787 788 
724 739 738 788 789 
725 740 739 789 790 
726 741 740 790 791 
727 742 741 791 792 
728 743 742 792 793 
729 744 743 793 794 
730 745 744 794 795 
731 746 745 795 796 
732 747 746 796 797 
733 748 747 797 798 
734 749 748 798 799 
735 750 749 799 800 
736 752 751 801 802 
737 753 752 802 803 
738 754 753 803 804 
739 755 754 804 805 
740 756 755 805 806 
741 757 756 806 807 
742 758 757 807 808 
743 759 758 808 809 
744 760 759 809 810 
745 761 760 810 811 
746 762 761 811 812 
747 763 762 812 813 
748 764 763 813 814 
749 765 764 814 815 
750 766 765 815 816 
751 767 766 816 817 
752 768 767 817 818 
753 769 768 818 819 
754 770 769 819 820 
755 771 770 820 821 
756 772 771 821 822 
757 773 772 822 823 
758 774 773 823 824 
759 775 774 824 825 
760 776 775 825 826 
761 777 776 826 827 
762 778 777 827 828 
763 779 778 828 829 
764 780 779 829 830 
765 781 780 830 831 
766 782 781 831 832 
767 783 782 832 833 
768 784 783 833 834 
769 785 784 834 835 
770 786 785 835 836 
771 787 786 836 837 
772 788 787 837 838 
773 789 788 838 839 
774 790 789 839 840 
775 791 790 840 841 
776 792 791 841 842 
777 793 792 842 843 
778 794 793 843 844 
779 795 794 844 845 
780 796 795 845 846 
781 797 796 846 847 
782 798 797 847 848 
783 799 798 848 849 
784 800 799 849 850 
785 802 801 851 852 
786 803 802 852 853 
787 804 803 853 854 
788 805 804 854 855 
789 806 805 855 856 
790 807 806 856 857 
791 808 807 857 858 
792 809 808 858 859 
793 810 809 859 860 
794 811 810 860 861 
795 812 811 861 862 
796 813 812 862 863 
797 814 813 863 864 
798 815 814 864 865 
799 816 815 865 866 
800 817 816 866 867 
801 818 817 867 868 
802 819 818 868 869 
803 820 819 869 870 
804 821 820 870 871 
805 822 821 871 872 
806 823 822 872 873 
807 824 823 873 874 
808 825 824 874 875 
809 826 825 875 876 
810 827 826 876 877 
811 828 827 877 878 
812 829 828 878 879 
813 830 829 879 880 
814 831 830 880 881 
815 832 831 881 882 
816 833 832 882 883 
817 834 833 883 884 
818 835 834 884 885 
819 836 835 885 886 
820 837 836 886 887 
821 838 837 887 888 
822 839 838 888 889 
823 840 839 889 890 
824 841 840 890 891 
825 842 841 891 892 
826 843 842 892 893 
827 844 843 893 894 
828 845 844 894 895 
829 846 845 895 896 
830 847 846 896 897 
831 848 847 897 898 
832 849 848 898 899 
833 850 849 899 900 
834 852 851 901 902 
835 853 852 902 903 
836 854 853 903 904 
837 855 854 904 905 
838 856 855 905 906 
839 857 856 906 907 
840 858 857 907 908 
841 859 858 908 909 
842 860 859 909 910 
843 861 860 910 911 
844 862 861 911 912 
845 863 862 912 913 
846 864 863 913 914 
847 865 864 914 915 
848 866 865 915 916 
849 867 866 916 917 
850 868 867 917 918 
851 869 868 918 919 
852 870 869 919 920 
853 871 870 920 921 
854 872 871 921 922 
855 873 872 922 923 
856 874 873 923 924 
857 875 874 924 925 
858 876 875 925 926 
859 877 876 926 927 
860 878 877 927 928 
861 879 878 928 929 
862 880 879 929 930 
863 881 880 930 931 
864 882 881 931 932 
865 883 882 932 933 
866 884 883 933 934 
867 885 884 934 935 
868 886 885 935 936 
869 887 886 936 937 
870 888 887 937 938 
871 889 888 938 939 
872 890 889 939 940 
873 891 890 940 941 
874 892 891 941 942 
875 893 892 942 943 
876 894 893 943 944 
877 895 894 944 945 
878 896 895 945 946 
879 897 896 946 947 
880 898 897 947 948 
881 899 898 948 949 
882 900 899 949 950 
883 902 901 951 952 
884 903 902 952 953 
885 904 903 953 954 
886 905 904 954 955 
887 906 905 955 956 
888 907 906 956 957 
889 908 907 957 958 
890 909 908 958 959 
891 910 909 959 960 
892 911 910 960 961 
893 912 911 961 962 
894 913 912 962 963 
895 914 913 963 964 
896 915 914 964 965 
897 916 915 965 966 
898 917 916 966 967 
899 918 917 967 968 
900 919 918 968 969 
901 920 919 969 970 
902 921 920 970 971 
903 922 921 971 972 
904 923 922 972 973 
905 924 923 973 974 
906 925 924 974 975 
907 926 925 975 976 
908 927 926 976 977 
909 928 927 977 978 
910 929 928 978 979 
911 930 929 979 980 
912 931 930 980 981 
913 932 931 981 982 
914 933 932 982 983 
915 934 933 983 984 
916 935 934 984 985 
917 936 935 985 986 
918 937 936 986 987 
919 938 937 987 988 
920 939 938 988 989 
921 940 939 989 990 
922 941 940 990 991 
923 942 941 991 992 
924 943 942 992 993 
925 944 943 993 994 
926 945 944 994 995 
927 946 945 995 996 
928 947 946 996 997 
929 948 947 997 998 
930 949 948 998 999 
931 950 949 999 1000 
932 952 951 1001 1002 
933 953 952 1002 1003 
934 954 953 1003 1004 
935 955 954 1004 1005 
936 956 955 1005 1006 
937 957 956 1006 1007 
938 958 957 1007 1008 
939 959 958 1008 1009 
940 960 959 1009 1010 
941 961 960 1010 1011 
942 962 961 1011 1012 
943 963 962 1012 1013 
944 964 963 1013 1014 
945 965 964 1014 1015 
946 966 965 1015 1016 
947 967 966 1016 1017 
948 968 967 1017 1018 
949 969 968 1018 1019 
950 970 969 1019 1020 
951 971 970 1020 1021 
952 972 971 1021 1022 
953 973 972 1022 1023 
954 974 973 1023 1024 
955 975 974 1024 1025 
956 976 975 1025 1026 
957 977 976 1026 1027 
958 978 977 1027 1028 
959 979 978 1028 1029 
960 980 979 1029 1030 
961 981 980 1030 1031 
962 982 981 1031 1032 
963 983 982 1032 1033 
964 984 983 1033 1034 
965 985 984 1034 1035 
966 986 985 1035 1036 
967 987 986 1036 1037 
968 988 987 1037 1038 
969 989 988 1038 1039 
970 990 989 1039 1040 
971 991 990 1040 1041 
972 992 991 1041 1042 
973 993 992 1042 1043 
974 994 993 1043 1044 
975 995 994 1044 1045 
976 996 995 1045 1046 
977 997 996 1046 1047 
978 998 997 1047 1048 
979 999 998 1048 1049 
980 1000 999 1049 1050 
981 1002 1001 1051 1052 
982 1003 1002 1052 1053 
983 1004 1003 1053 1054 
984 1005 1004 1054 1055 
985 1006 1005 1055 1056 
986 1007 1006 1056 1057 
987 1008 1007 1057 1058 
988 1009 1008 1058 1059 
989 1010 1009 1059 1060 
990 1011 1010 1060 1061 
991 1012 1011 1061 1062 
992 1013 1012 1062 1063 
993 1014 1013 1063 1064 
994 1015 1014 1064 1065 
995 1016 1015 1065 1066 
996 1017 1016 1066 1067 
997 1018 1017 1067 1068 
998 1019 1018 1068 1069 
999 1020 1019 1069 1070 
1000 1021 1020 1070 1071 
1001 1022 1021 1071 1072 
1002 1023 1022 1072 1073 
1003 1024 1023 1073 1074 
1004 1025 1024 1074 1075 
1005 1026 1025 1075 1076 
1006 1027 1026 1076 1077 
1007 1028 1027 1077 1078 
1008 1029 1028 1078 1079 
1009 1030 1029 1079 1080 
1010 1031 1030 1080 1081 
1011 1032 1031 1081 1082 
1012 1033 1032 1082 1083 
1013 1034 1033 1083 1084 
1014 1035 1034 1084 1085 
1015 1036 1035 1085 1086 
1016 1037 1036 1086 1087 
1017 1038 1037 1087 1088 
1018 1039 1038 1088 1089 
1019 1040 1039 1089 1090 
1020 1041 1040 1090 1091 
1021 1042 1041 1091 1092 
1022 1043 1042 1092 1093 
1023 1044 1043 1093 1094 
1024 1045 1044 1094 1095 
1025 1046 1045 1095 1096 
1026 1047 1046 1096 1097 
1027 1048 1047 1097 1098 
1028 1049 1048 1098 1099 
1029 1050 1049 1099 1100 
1030 1052 1051 1101 1102 
1031 1053 1052 1102 1103 
1032 1054 1053 1103 1104 
1033 1055 1054 1104 1105 
1034 1056 1055 1105 1106 
1035 1057 1056 1106 1107 
1036 1058 1057 1107 1108 
1037 1059 1058 1108 1109 
1038 1060 1059 1109 1110 
1039 1061 1060 1110 1111 
1040 1062 1061 1111 1112 
1041 1063 1062 1112 1113 
1042 1064 1063 1113 1114 
1043 1065 1064 1114 1115 
1044 1066 1065 1115 1116 
1045 1067 1066 1116 1117 
1046 1068 1067 1117 1118 
1047 1069 1068 1118 1119 
1048 1070 1069 1119 1120 
1049 1071 1070 1120 1121 
1050 1072 1071 1121 1122 
1051 1073 1072 1122 1123 
1052 1074 1073 1123 1124 
1053 1075 1074 1124 1125 
1054 1076 1075 1125 1126 
1055 1077 1076 1126 1127 
1056 1078 1077 1127 1128 
1057 1079 1078 1128 1129 
1058 1080 1079 1129 1130 
1059 1081 1080 1130 1131 
1060 1082 1081 1131 1132 
1061 1083 1082 1132 1133 
1062 1084 1083 1133 1134 
1063 1085 1084 1134 1135 
1064 1086 1085 1135 1136 
1065 1087 1086 1136 1137 
1066 1088 1087 1137 1138 
1067 1089 1088 1138 1139 
1068 1090 1089 1139 1140 
1069 1091 1090 1140 1141 
1070 1092 1091 1141 1142 
1071 1093 1092 1142 1143 
1072 1094 1093 1143 1144 
1073 1095 1094 1144 1145 
1074 1096 1095 1145 1146 
1075 1097 1096 1146 1147 
1076 1098 1097 1147 1148 
1077 1099 1098 1148 1149 
1078 1100 1099 1149 1150 
1079 1102 1101 1151 1152 
1080 1103 1102 1152 1153 
1081 1104 1103 1153 1154 
1082 1105 1104 1154 1155 
1083 1106 1105 1155 1156 
1084 1107 1106 1156 1157 
1085 1108 1107 1157 1158 
1086 1109 1108 1158 1159 
1087 1110 1109 1159 1160 
1088 1111 1110 1160 1161 
1089 1112 1111 1161 1162 
1090 1113 1112 1162 1163 
1091 1114 1113 1163 1164 
1092 1115 1114 1164 1165 
1093 1116 1115 1165 1166 
1094 1117 1116 1166 1167 
1095 1118 1117 1167 1168 
1096 1119 1118 1168 1169 
1097 1120 1119 1169 1170 
1098 1121 1120 1170 1171 
1099 1122 1121 1171 1172 
1100 1123 1122 1172 1173 
1101 1124 1123 1173 1174 
1102 1125 1124 1174 1175 
1103 1126 1125 1175 1176 
1104 1127 1126 1176 1177 
1105 1128 1127 1177 1178 
1106 1129 1128 1178 1179 
1107 1130 1129 1179 1180 
1108 1131 1130 1180 1181 
1109 1132 1131 1181 1182 
1110 1133 1132 1182 1183 
1111 1134 1133 1183 1184 
1112 1135 1134 1184 1185 
1113 1136 1135 1185 1186 
1114 1137 1136 1186 1187 
1115 1138 1137 1187 1188 
1116 1139 1138 1188 1189 
1117 1140 1139 1189 1190 
1118 1141 1140 1190 1191 
1119 1142 1141 1191 1192 
1120 1143 1142 1192 1193 
1121 1144 1143 1193 1194 
1122 1145 1144 1194 1195 
1123 1146 1145 1195 1196 
1124 1147 1146 1196 1197 
1125 1148 1147 1197 1198 
1126 1149 1148 1198 1199 
1127 1150 1149 1199 1200 
1128 1152 1151 1201 1202 
1129 1153 1152 1202 1203 
1130 1154 1153 1203 1204 
1131 1155 1154 1204 1205 
1132 1156 1155 1205 1206 
1133 1157 1156 1206 1207 
1134 1158 1157 1207 1208 
1135 1159 1158 1208 1209 
1136 1160 1159 1209 1210 
1137 1161 1160 1210 1211 
1138 1162 1161 1211 1212 
1139 1163 1162 1212 1213 
1140 1164 1163 1213 1214 
1141 1165 1164 1214 1215 
1142 1166 1165 1215 1216 
1143 1167 1166 1216 1217 
1144 1168 1167 1217 1218 
1145 1169 1168 1218 1219 
1146 1170 1169 1219 1220 
1147 1171 1170 1220 1221 
1148 1172 1171 1221 1222 
1149 1173 1172 1222 1223 
1150 1174 1173 1223 1224 
1151 1175 1174 1224 1225 
1152 1176 1175 1225 1226 
1153 1177 1176 1226 1227 
1154 1178 1177 1227 1228 
1155 1179 1178 1228 1229 
1156 1180 1179 1229 1230 
1157 1181 1180 1230 1231 
1158 1182 1181 1231 1232 
1159 1183 1182 1232 1233 
1160 1184 1183 1233 1234 
1161 1185 1184 1234 1235 
1162 1186 1185 1235 1236 
1163 1187 1186 1236 1237 
1164 1188 1187 1237 1238 
1165 1189 1188 1238 1239 
1166 1190 1189 1239 1240 
1167 1191 1190 1240 1241 
1168 1192 1191 1241 1242 
1169 1193 1192 1242 1243 
1170 1194 1193 1243 1244 
1171 1195 1194 1244 1245 
1172 1196 1195 1245 1246 
1173 1197 1196 1246 1247 
1174 1198 1197 1247 1248 
1175 1199 1198 1248 1249 
1176 1200 1199 1249 1250 
1177 1202 1201 1251 1252 
1178 1203 1202 1252 1253 
1179 1204 1203 1253 1254 
1180 1205 1204 1254 1255 
1181 1206 1205 1255 1256 
1182 1207 1206 1256 1257 
1183 1208 1207 1257 1258 
1184 1209 1208 1258 1259 
1185 1210 1209 1259 1260 
1186 1211 1210 1260 1261 
1187 1212 1211 1261 1262 
1188 1213 1212 1262 1263 
1189 1214 1213 1263 1264 
1190 1215 1214 1264 1265 
1191 1216 1215 1265 1266 
1192 1217 1216 1266 1267 
1193 1218 1217 1267 1268 
1194 1219 1218 1268 1269 
1195 1220 1219 1269 1270 
1196 1221 1220 1270 1271 
1197 1222 1221 1271 1272 
1198 1223 1222 1272 1273 
1199 1224 1223 1273 1274 
1200 1225 1224 1274 1275 
1201 1226 1225 1275 1276 
1202 1227 1226 1276 1277 
1203 1228 1227 1277 1278 
1204 1229 1228 1278 1279 
1205 1230 1229 1279 1280 
1206 1231 1230 1280 1281 
1207 1232 1231 1281 1282 
1208 1233 1232 1282 1283 
1209 1234 1233 1283 1284 
1210 1235 1234 1284 1285 
1211 1236 1235 1285 1286 
1212 1237 1236 1286 1287 
1213 1238 1237 1287 1288 
1214 1239 1238 1288 1289 
1215 1240 1239 1289 1290 
1216 1241 1240 1290 1291 
1217 1242 1241 1291 1292 
1218 1243 1242 1292 1293 
1219 1244 1243 1293 1294 
1220 1245 1244 1294 1295 
1221 1246 1245 1295 1296 
1222 1247 1246 1296 1297 
1223 1248 1247 1297 1298 
1224 1249 1248 1298 1299 
1225 1250 1249 1299 1300 
1226 1252 1251 1301 1302 
1227 1253 1252 1302 1303 
1228 1254 1253 1303 1304 
1229 1255 1254 1304 1305 
1230 1256 1255 1305 1306 
1231 1257 1256 1306 1307 
1232 1258 1257 1307 1308 
1233 1259 1258 1308 1309 
1234 1260 1259 1309 1310 
1235 1261 1260 1310 1311 
1236 1262 1261 1311 1312 
1237 1263 1262 1312 1313 
1238 1264 1263 1313 1314 
1239 1265 1264 1314 1315 
1240 1266 1265 1315 1316 
1241 1267 1266 1316 1317 
1242 1268 1267 1317 1318 
1243 1269 1268 1318 1319 
1244 1270 1269 1319 1320 
1245 1271 1270 1320 1321 
1246 1272 1271 1321 1322 
1247 1273 1272 1322 1323 
1248 1274 1273 1323 1324 
1249 1275 1274 1324 1325 
1250 1276 1275 1325 1326 
1251 1277 1276 1326 1327 
1252 1278 1277 1327 1328 
1253 1279 1278 1328 1329 
1254 1280 1279 1329 1330 
1255 1281 1280 1330 1331 
1256 1282 1281 1331 1332 
1257 1283 1282 1332 1333 
1258 1284 1283 1333 1334 
1259 1285 1284 1334 1335 
1260 1286 1285 1335 1336 
1261 1287 1286 1336 1337 
1262 1288 1287 1337 1338 
1263 1289 1288 1338 1339 
1264 1290 1289 1339 1340 
1265 1291 1290 1340 1341 
1266 1292 1291 1341 1342 
1267 1293 1292 1342 1343 
1268 1294 1293 1343 1344 
1269 1295 1294 1344 1345 
1270 1296 1295 1345 1346 
1271 1297 1296 1346 1347 
1272 1298 1297 1347 1348 
1273 1299 1298 1348 1349 
1274 1300 1299 1349 1350 
1275 1302 1301 1351 1352 
1276 1303 1302 1352 1353 
1277 1304 1303 1353 1354 
1278 1305 1304 1354 1355 
1279 1306 1305 1355 1356 
1280 1307 1306 1356 1357 
1281 1308 1307 1357 1358 
1282 1309 1308 1358 1359 
1283 1310 1309 1359 1360 
1284 1311 1310 1360 1361 
1285 1312 1311 1361 1362 
1286 1313 1312 1362 1363 
1287 1314 1313 1363 1364 
1288 1315 1314 1364 1365 
1289 1316 1315 1365 1366 
1290 1317 1316 1366 1367 
1291 1318 1317 1367 1368 
1292 1319 1318 1368 1369 
1293 1320 1319 1369 1370 
1294 1321 1320 1370 1371 
1295 1322 1321 1371 1372 
1296 1323 1322 1372 1373 
1297 1324 1323 1373 1374 
1298 1325 1324 1374 1375 
1299 1326 1325 1375 1376 
1300 1327 1326 1376 1377 
1301 1328 1327 1377 1378 
1302 1329 1328 1378 1379 
1303 1330 1329 1379 1380 
1304 1331 1330 1380 1381 
1305 1332 1331 1381 1382 
1306 1333 1332 1382 1383 
1307 1334 1333 1383 1384 
1308 1335 1334 1384 1385 
1309 1336 1335 1385 1386 
1310 1337 1336 1386 1387 
1311 1338 1337 1387 1388 
1312 1339 1338 1388 1389 
1313 1340 1339 1389 1390 
1314 1341 1340 1390 1391 
1315 1342 1341 1391 1392 
1316 1343 1342 1392 1393 
1317 1344 1343 1393 1394 
1318 1345 1344 1394 1395 
1319 1346 1345 1395 1396 
1320 1347 1346 1396 1397 
1321 1348 1347 1397 1398 
1322 1349 1348 1398 1399 
1323 1350 1349 1399 1400 
1324 1352 1351 1401 1402 
1325 1353 1352 1402 1403 
1326 1354 1353 1403 1404 
1327 1355 1354 1404 1405 
1328 1356 1355 1405 1406 
1329 1357 1356 1406 1407 
1330 1358 1357 1407 1408 
1331 1359 1358 1408 1409 
1332 1360 1359 1409 1410 
1333 1361 1360 1410 1411 
1334 1362 1361 1411 1412 
1335 1363 1362 1412 1413 
1336 1364 1363 1413 1414 
1337 1365 1364 1414 1415 
1338 1366 1365 1415 1416 
1339 1367 1366 1416 1417 
1340 1368 1367 1417 1418 
1341 1369 1368 1418 1419 
1342 1370 1369 1419 1420 
1343 1371 1370 1420 1421 
1344 1372 1371 1421 1422 
1345 1373 1372 1422 1423 
1346 1374 1373 1423 1424 
1347 1375 1374 1424 1425 
1348 1376 1375 1425 1426 
1349 1377 1376 1426 1427 
1350 1378 1377 1427 1428 
1351 1379 1378 1428 1429 
1352 1380 1379 1429 1430 
1353 1381 1380 1430 1431 
1354 1382 1381 1431 1432 
1355 1383 1382 1432 1433 
1356 1384 1383 1433 1434 
1357 1385 1384 1434 1435 
1358 1386 1385 1435 1436 
1359 1387 1386 1436 1437 
1360 1388 1387 1437 1438 
1361 1389 1388 1438 1439 
1362 1390 1389 1439 1440 
1363 1391 1390 1440 1441 
1364 1392 1391 1441 1442 
1365 1393 1392 1442 1443 
1366 1394 1393 1443 1444 
1367 1395 1394 1444 1445 
1368 1396 1395 1445 1446 
1369 1397 1396 1446 1447 
1370 1398 1397 1447 1448 
1371 1399 1398 1448 1449 
1372 1400 1399 1449 1450 
1373 1402 1401 1451 1452 
1374 1403 1402 1452 1453 
1375 1404 1403 1453 1454 
1376 1405 1404 1454 1455 
1377 1406 1405 1455 1456 
1378 1407 1406 1456 1457 
1379 1408 1407 1457 1458 
1380 1409 1408 1458 1459 
1381 1410 1409 1459 1460 
1382 1411 1410 1460 1461 
1383 1412 1411 1461 1462 
1384 1413 1412 1462 1463 
1385 1414 1413 1463 1464 
1386 1415 1414 1464 1465 
1387 1416 1415 1465 1466 
1388 1417 1416 1466 1467 
1389 1418 1417 1467 1468 
1390 1419 1418 1468 1469 
1391 1420 1419 1469 1470 
1392 1421 1420 1470 1471 
1393 1422 1421 1471 1472 
1394 1423 1422 1472 1473 
1395 1424 1423 1473 1474 
1396 1425 1424 1474 1475 
1397 1426 1425 1475 1476 
1398 1427 1426 1476 1477 
1399 1428 1427 1477 1478 
1400 1429 1428 1478 1479 
1401 1430 1429 1479 1480 
1402 1431 1430 1480 1481 
1403 1432 1431 1481 1482 
1404 1433 1432 1482 1483 
1405 1434 1433 1483 1484 
1406 1435 1434 1484 1485 
1407 1436 1435 1485 1486 
1408 1437 1436 1486 1487 
1409 1438 1437 1487 1488 
1410 1439 1438 1488 1489 
1411 1440 1439 1489 1490 
1412 1441 1440 1490 1491 
1413 1442 1441 1491 1492 
1414 1443 1442 1492 1493 
1415 1444 1443 1493 1494 
1416 1445 1444 1494 1495 
1417 1446 1445 1495 1496 
1418 1447 1446 1496 1497 
1419 1448 1447 1497 1498 
1420 1449 1448 1498 1499 
1421 1450 1449 1499 1500 
1422 1452 1451 1501 1502 
1423 1453 1452 1502 1503 
1424 1454 1453 1503 1504 
1425 1455 1454 1504 1505 
1426 1456 1455 1505 1506 
1427 1457 1456 1506 1507 
1428 1458 1457 1507 1508 
1429 1459 1458 1508 1509 
1430 1460 1459 1509 1510 
1431 1461 1460 1510 1511 
1432 1462 1461 1511 1512 
1433 1463 1462 1512 1513 
1434 1464 1463 1513 1514 
1435 1465 1464 1514 1515 
1436 1466 1465 1515 1516 
1437 1467 1466 1516 1517 
1438 1468 1467 1517 1518 
1439 1469 1468 1518 1519 
1440 1470 1469 1519 1520 
1441 1471 1470 1520 1521 
1442 1472 1471 1521 1522 
1443 1473 1472 1522 1523 
1444 1474 1473 1523 1524 
1445 1475 1474 1524 1525 
1446 1476 1475 1525 1526 
1447 1477 1476 1526 1527 
1448 1478 1477 1527 1528 
1449 1479 1478 1528 1529 
1450 1480 1479 1529 1530 
1451 1481 1480 1530 1531 
1452 1482 1481 1531 1532 
1453 1483 1482 1532 1533 
1454 1484 1483 1533 1534 
1455 1485 1484 1534 1535 
1456 1486 1485 1535 1536 
1457 1487 1486 1536 1537 
1458 1488 1487 1537 1538 
1459 1489 1488 1538 1539 
1460 1490 1489 1539 1540 
1461 1491 1490 1540 1541 
1462 1492 1491 1541 1542 
1463 1493 1492 1542 1543 
1464 1494 1493 1543 1544 
1465 1495 1494 1544 1545 
1466 1496 1495 1545 1546 
1467 1497 1496 1546 1547 
1468 1498 1497 1547 1548 
1469 1499 1498 1548 1549 
1470 1500 1499 1549 1550 
1471 1502 1501 1551 1552 
1472 1503 1502 1552 1553 
1473 1504 1503 1553 1554 
1474 1505 1504 1554 1555 
1475 1506 1505 1555 1556 
1476 1507 1506 1556 1557 
1477 1508 1507 1557 1558 
1478 1509 1508 1558 1559 
1479 1510 1509 1559 1560 
1480 1511 1510 1560 1561 
1481 1512 1511 1561 1562 
1482 1513 1512 1562 1563 
1483 1514 1513 1563 1564 
1484 1515 1514 1564 1565 
1485 1516 1515 1565 1566 
1486 1517 1516 1566 1567 
1487 1518 1517 1567 1568 
1488 1519 1518 1568 1569 
1489 1520 1519 1569 1570 
1490 1521 1520 1570 1571 
1491 1522 1521 1571 1572 
1492 1523 1522 1572 1573 
1493 1524 1523 1573 1574 
1494 1525 1524 1574 1575 
1495 1526 1525 1575 1576 
1496 1527 1526 1576 1577 
1497 1528 1527 1577 1578 
1498 1529 1528 1578 1579 
1499 1530 1529 1579 1580 
1500 1531 1530 1580 1581 
1501 1532 1531 1581 1582 
1502 1533 1532 1582 1583 
1503 1534 1533 1583 1584 
1504 1535 1534 1584 1585 
1505 1536 1535 1585 1586 
1506 1537 1536 1586 1587 
1507 1538 1537 1587 1588 
1508 1539 1538 1588 1589 
1509 1540 1539 1589 1590 
1510 1541 1540 1590 1591 
1511 1542 1541 1591 1592 
1512 1543 1542 1592 1593 
1513 1544 1543 1593 1594 
1514 1545 1544 1594 1595 
1515 1546 1545 1595 1596 
1516 1547 1546 1596 1597 
1517 1548 1547 1597 1598 
1518 1549 1548 1598 1599 
1519 1550 1549 1599 1600 
1520 1552 1551 1601 1602 
1521 1553 1552 1602 1603 
1522 1554 1553 1603 1604 
1523 1555 1554 1604 1605 
1524 1556 1555 1605 1606 
1525 1557 1556 1606 1607 
1526 1558 1557 1607 1608 
1527 1559 1558 1608 1609 
1528 1560 1559 1609 1610 
1529 1561 1560 1610 1611 
1530 1562 1561 1611 1612 
1531 1563 1562 1612 1613 
1532 1564 1563 1613 1614 
1533 1565 1564 1614 1615 
1534 1566 1565 1615 1616 
1535 1567 1566 1616 1617 
1536 1568 1567 1617 1618 
1537 1569 1568 1618 1619 
1538 1570 1569 1619 1620 
1539 1571 1570 1620 1621 
1540 1572 1571 1621 1622 
1541 1573 1572 1622 1623 
1542 1574 1573 1623 1624 
1543 1575 1574 1624 1625 
1544 1576 1575 1625 1626 
1545 1577 1576 1626 1627 
1546 1578 1577 1627 1628 
1547 1579 1578 1628 1629 
1548 1580 1579 1629 1630 
1549 1581 1580 1630 1631 
1550 1582 1581 1631 1632 
1551 1583 1582 1632 1633 
1552 1584 1583 1633 1634 
1553 1585 1584 1634 1635 
1554 1586 1585 1635 1636 
1555 1587 1586 1636 1637 
1556 1588 1587 1637 1638 
1557 1589 1588 1638 1639 
1558 1590 1589 1639 1640 
1559 1591 1590 1640 1641 
1560 1592 1591 1641 1642 
1561 1593 1592 1642 1643 
1562 1594 1593 1643 1644 
1563 1595 1594 1644 1645 
1564 1596 1595 1645 1646 
1565 1597 1596 1646 1647 
1566 1598 1597 1647 1648 
1567 1599 1598 1648 1649 
1568 1600 1599 1649 1650 
1569 1602 1601 1651 1652 
1570 1603 1602 1652 1653 
1571 1604 1603 1653 1654 
1572 1605 1604 1654 1655 
1573 1606 1605 1655 1656 
1574 1607 1606 1656 1657 
1575 1608 1607 1657 1658 
1576 1609 1608 1658 1659 
1577 1610 1609 1659 1660 
1578 1611 1610 1660 1661 
1579 1612 1611 1661 1662 
1580 1613 1612 1662 1663 
1581 1614 1613 1663 1664 
1582 1615 1614 1664 1665 
1583 1616 1615 1665 1666 
1584 1617 1616 1666 1667 
1585 1618 1617 1667 1668 
1586 1619 1618 1668 1669 
1587 1620 1619 1669 1670 
1588 1621 1620 1670 1671 
1589 1622 1621 1671 1672 
1590 1623 1622 1672 1673 
1591 1624 1623 1673 1674 
1592 1625 1624 1674 1675 
1593 1626 1625 1675 1676 
1594 1627 1626 1676 1677 
1595 1628 1627 1677 1678 
1596 1629 1628 1678 1679 
1597 1630 1629 1679 1680 
1598 1631 1630 1680 1681 
1599 1632 1631 1681 1682 
1600 1633 1632 1682 1683 
1601 1634 1633 1683 1684 
1602 1635 1634 1684 1685 
1603 1636 1635 1685 1686 
1604 1637 1636 1686 1687 
1605 1638 1637 1687 1688 
1606 1639 1638 1688 1689 
1607 1640 1639 1689 1690 
1608 1641 1640 1690 1691 
1609 1642 1641 1691 1692 
1610 1643 1642 1692 1693 
1611 1644 1643 1693 1694 
1612 1645 1644 1694 1695 
1613 1646 1645 1695 1696 
1614 1647 1646 1696 1697 
1615 1648 1647 1697 1698 
1616 1649 1648 1698 1699 
1617 1650 1649 1699 1700 
1618 1652 1651 1701 1702 
1619 1653 1652 1702 1703 
1620 1654 1653 1703 1704 
1621 1655 1654 1704 1705 
1622 1656 1655 1705 1706 
1623 1657 1656 1706 1707 
1624 1658 1657 1707 1708 
1625 1659 1658 1708 1709 
1626 1660 1659 1709 1710 
1627 1661 1660 1710 1711 
1628 1662 1661 1711 1712 
1629 1663 1662 1712 1713 
1630 1664 1663 1713 1714 
1631 1665 1664 1714 1715 
1632 1666 1665 1715 1716 
1633 1667 1666 1716 1717 
1634 1668 1667 1717 1718 
1635 1669 1668 1718 1719 
1636 1670 1669 1719 1720 
1637 1671 1670 1720 1721 
1638 1672 1671 1721 1722 
1639 1673 1672 1722 1723 
1640 1674 1673 1723 1724 
1641 1675 1674 1724 1725 
1642 1676 1675 1725 1726 
1643 1677 1676 1726 1727 
1644 1678 1677 1727 1728 
1645 1679 1678 1728 1729 
1646 1680 1679 1729 1730 
1647 1681 1680 1730 1731 
1648 1682 1681 1731 1732 
1649 1683 1682 1732 1733 
1650 1684 1683 1733 1734 
1651 1685 1684 1734 1735 
1652 1686 1685 1735 1736 
1653 1687 1686 1736 1737 
1654 1688 1687 1737 1738 
1655 1689 1688 1738 1739 
1656 1690 1689 1739 1740 
1657 1691 1690 1740 1741 
1658 1692 1691 1741 1742 
1659 1693 1692 1742 1743 
1660 1694 1693 1743 1744 
1661 1695 1694 1744 1745 
1662 1696 1695 1745 1746 
1663 1697 1696 1746 1747 
1664 1698 1697 1747 1748 
1665 1699 1698 1748 1749 
1666 1700 1699 1749 1750 
1667 1702 1701 1751 1752 
1668 1703 1702 1752 1753 
1669 1704 1703 1753 1754 
1670 1705 1704 1754 1755 
1671 1706 1705 1755 1756 
1672 1707 1706 1756 1757 
1673 1708 1707 1757 1758 
1674 1709 1708 1758 1759 
1675 1710 1709 1759 1760 
1676 1711 1710 1760 1761 
1677 1712 1711 1761 1762 
1678 1713 1712 1762 1763 
1679 1714 1713 1763 1764 
1680 1715 1714 1764 1765 
1681 1716 1715 1765 1766 
1682 1717 1716 1766 1767 
1683 1718 1717 1767 1768 
1684 1719 1718 1768 1769 
1685 1720 1719 1769 1770 
1686 1721 1720 1770 1771 
1687 1722 1721 1771 1772 
1688 1723 1722 1772 1773 
1689 1724 1723 1773 1774 
1690 1725 1724 1774 1775 
1691 1726 1725 1775 1776 
1692 1727 1726 1776 1777 
1693 1728 1727 1777 1778 
1694 1729 1728 1778 1779 
1695 1730 1729 1779 1780 
1696 1731 1730 1780 1781 
1697 1732 1731 1781 1782 
1698 1733 1732 1782 1783 
1699 1734 1733 1783 1784 
1700 1735 1734 1784 1785 
1701 1736 1735 1785 1786 
1702 1737 1736 1786 1787 
1703 1738 1737 1787 1788 
1704 1739 1738 1788 1789 
1705 1740 1739 1789 1790 
1706 1741 1740 1790 1791 
1707 1742 1741 1791 1792 
1708 1743 1742 1792 1793 
1709 1744 1743 1793 1794 
1710 1745 1744 1794 1795 
1711 1746 1745 1795 1796 
1712 1747 1746 1796 1797 
1713 1748 1747 1797 1798 
1714 1749 1748 1798 1799 
1715 1750 1749 1799 1800 
1716 1752 1751 1801 1802 
1717 1753 1752 1802 1803 
1718 1754 1753 1803 1804 
1719 1755 1754 1804 1805 
1720 1756 1755 1805 1806 
1721 1757 1756 1806 1807 
1722 1758 1757 1807 1808 
1723 1759 1758 1808 1809 
1724 1760 1759 1809 1810 
1725 1761 1760 1810 1811 
1726 1762 1761 1811 1812 
1727 1763 1762 1812 1813 
1728 1764 1763 1813 1814 
1729 1765 1764 1814 1815 
1730 1766 1765 1815 1816 
1731 1767 1766 1816 1817 
1732 1768 1767 1817 1818 
1733 1769 1768 1818 1819 
1734 1770 1769 1819 1820 
1735 1771 1770 1820 1821 
1736 1772 1771 1821 1822 
1737 1773 1772 1822 1823 
1738 1774 1773 1823 1824 
1739 1775 1774 1824 1825 
1740 1776 1775 1825 1826 
1741 1777 1776 1826 1827 
1742 1778 1777 1827 1828 
1743 1779 1778 1828 1829 
1744 1780 1779 1829 1830 
1745 1781 1780 1830 1831 
1746 1782 1781 1831 1832 
1747 1783 1782 1832 1833 
1748 1784 1783 1833 1834 
1749 1785 1784 1834 1835 
1750 1786 1785 1835 1836 
1751 1787 1786 1836 1837 
1752 1788 1787 1837 1838 
1753 1789 1788 1838 1839 
1754 1790 1789 1839 1840 
1755 1791 1790 1840 1841 
1756 1792 1791 1841 1842 
1757 1793 1792 1842 1843 
1758 1794 1793 1843 1844 
1759 1795 1794 1844 1845 
1760 1796 1795 1845 1846 
1761 1797 1796 1846 1847 
1762 1798 1797 1847 1848 
1763 1799 1798 1848 1849 
1764 1800 1799 1849 1850 
1765 1802 1801 1851 1852 
1766 1803 1802 1852 1853 
1767 1804 1803 1853 1854 
1768 1805 1804 1854 1855 
1769 1806 1805 1855 1856 
1770 1807 1806 1856 1857 
1771 1808 1807 1857 1858 
1772 1809 1808 1858 1859 
1773 1810 1809 1859 1860 
1774 1811 1810 1860 1861 
1775 1812 1811 1861 1862 
1776 1813 1812 1862 1863 
1777 1814 1813 1863 1864 
1778 1815 1814 1864 1865 
1779 1816 1815 1865 1866 
1780 1817 1816 1866 1867 
1781 1818 1817 1867 1868 
1782 1819 1818 1868 1869 
1783 1820 1819 1869 1870 
1784 1821 1820 1870 1871 
1785 1822 1821 1871 1872 
1786 1823 1822 1872 1873 
1787 1824 1823 1873 1874 
1788 1825 1824 1874 1875 
1789 1826 1825 1875 1876 
1790 1827 1826 1876 1877 
1791 1828 1827 1877 1878 
1792 1829 1828 1878 1879 
1793 1830 1829 1879 1880 
1794 1831 1830 1880 1881 
1795 1832 1831 1881 1882 
1796 1833 1832 1882 1883 
1797 1834 1833 1883 1884 
1798 1835 1834 1884 1885 
1799 1836 1835 1885 1886 
1800 1837 1836 1886 1887 
1801 1838 1837 1887 1888 
1802 1839 1838 1888 1889 
1803 1840 1839 1889 1890 
1804 1841 1840 1890 1891 
1805 1842 1841 1891 1892 
1806 1843 1842 1892 1893 
1807 1844 1843 1893 1894 
1808 1845 1844 1894 1895 
1809 1846 1845 1895 1896 
1810 1847 1846 1896 1897 
1811 1848 1847 1897 1898 
1812 1849 1848 1898 1899 
1813 1850 1849 1899 1900 
1814 1852 1851 1901 1902 
1815 1853 1852 1902 1903 
1816 1854 1853 1903 1904 
1817 1855 1854 1904 1905 
1818 1856 1855 1905 1906 
1819 1857 1856 1906 1907 
1820 1858 1857 1907 1908 
1821 1859 1858 1908 1909 
1822 1860 1859 1909 1910 
1823 1861 1860 1910 1911 
1824 1862 1861 1911 1912 
1825 1863 1862 1912 1913 
1826 1864 1863 1913 1914 
1827 1865 1864 1914 1915 
1828 1866 1865 1915 1916 
1829 1867 1866 1916 1917 
1830 1868 1867 1917 1918 
1831 1869 1868 1918 1919 
1832 1870 1869 1919 1920 
1833 1871 1870 1920 1921 
1834 1872 1871 1921 1922 
1835 1873 1872 1922 1923 
1836 1874 1873 1923 1924 
1837 1875 1874 1924 1925 
1838 1876 1875 1925 1926 
1839 1877 1876 1926 1927 
1840 1878 1877 1927 1928 
1841 1879 1878 1928 1929 
1842 1880 1879 1929 1930 
1843 1881 1880 1930 1931 
1844 1882 1881 1931 1932 
1845 1883 1882 1932 1933 
1846 1884 1883 1933 1934 
1847 1885 1884 1934 1935 
1848 1886 1885 1935 1936 
1849 1887 1886 1936 1937 
1850 1888 1887 1937 1938 
1851 1889 1888 1938 1939 
1852 1890 1889 1939 1940 
1853 1891 1890 1940 1941 
1854 1892 1891 1941 1942 
1855 1893 1892 1942 1943 
1856 1894 1893 1943 1944 
1857 1895 1894 1944 1945 
1858 1896 1895 1945 1946 
1859 1897 1896 1946 1947 
1860 1898 1897 1947 1948 
1861 1899 1898 1948 1949 
1862 1900 1899 1949 1950 
1863 1902 1901 1951 1952 
1864 1903 1902 1952 1953 
1865 1904 1903 1953 1954 
1866 1905 1904 1954 1955 
1867 1906 1905 1955 1956 
1868 1907 1906 1956 1957 
1869 1908 1907 1957 1958 
1870 1909 1908 1958 1959 
1871 1910 1909 1959 1960 
1872 1911 1910 1960 1961 
1873 1912 1911 1961 1962 
1874 1913 1912 1962 1963 
1875 1914 1913 1963 1964 
1876 1915 1914 1964 1965 
1877 1916 1915 1965 1966 
1878 1917 1916 1966 1967 
1879 1918 1917 1967 1968 
1880 1919 1918 1968 1969 
1881 1920 1919 1969 1970 
1882 1921 1920 1970 1971 
1883 1922 1921 1971 1972 
1884 1923 1922 1972 1973 
1885 1924 1923 1973 1974 
1886 1925 1924 1974 1975 
1887 1926 1925 1975 1976 
1888 1927 1926 1976 1977 
1889 1928 1927 1977 1978 
1890 1929 1928 1978 1979 
1891 1930 1929 1979 1980 
1892 1931 1930 1980 1981 
1893 1932 1931 1981 1982 
1894 1933 1932 1982 1983 
1895 1934 1933 1983 1984 
1896 1935 1934 1984 1985 
1897 1936 1935 1985 1986 
1898 1937 1936 1986 1987 
1899 1938 1937 1987 1988 
1900 1939 1938 1988 1989 
1901 1940 1939 1989 1990 
1902 1941 1940 1990 1991 
1903 1942 1941 1991 1992 
1904 1943 1942 1992 1993 
1905 1944 1943 1993 1994 
1906 1945 1944 1994 1995 
1907 1946 1945 1995 1996 
1908 1947 1946 1996 1997 
1909 1948 1947 1997 1998 
1910 1949 1948 1998 1999 
1911 1950 1949 1999 2000 
1912 1952 1951 2001 2002 
1913 1953 1952 2002 2003 
1914 1954 1953 2003 2004 
1915 1955 1954 2004 2005 
1916 1956 1955 2005 2006 
1917 1957 1956 2006 2007 
1918 1958 1957 2007 2008 
1919 1959 1958 2008 2009 
1920 1960 1959 2009 2010 
1921 1961 1960 2010 2011 
1922 1962 1961 2011 2012 
1923 1963 1962 2012 2013 
1924 1964 1963 2013 2014 
1925 1965 1964 2014 2015 
1926 1966 1965 2015 2016 
1927 1967 1966 2016 2017 
1928 1968 1967 2017 2018 
1929 1969 1968 2018 2019 
1930 1970 1969 2019 2020 
1931 1971 1970 2020 2021 
1932 1972 1971 2021 2022 
1933 1973 1972 2022 2023 
1934 1974 1973 2023 2024 
1935 1975 1974 2024 2025 
1936 1976 1975 2025 2026 
1937 1977 1976 2026 2027 
1938 1978 1977 2027 2028 
1939 1979 1978 2028 2029 
1940 1980 1979 2029 2030 
1941 1981 1980 2030 2031 
1942 1982 1981 2031 2032 
1943 1983 1982 2032 2033 
1944 1984 1983 2033 2034 
1945 1985 1984 2034 2035 
1946 1986 1985 2035 2036 
1947 1987 1986 2036 2037 
1948 1988 1987 2037 2038 
1949 1989 1988 2038 2039 
1950 1990 1989 2039 2040 
1951 1991 1990 2040 2041 
1952 1992 1991 2041 2042 
1953 1993 1992 2042 2043 
1954 1994 1993 2043 2044 
1955 1995 1994 2044 2045 
1956 1996 1995 2045 2046 
1957 1997 1996 2046 2047 
1958 1998 1997 2047 2048 
1959 1999 1998 2048 2049 
1960 2000 1999 2049 2050 
1961 2002 2001 2051 2052 
1962 2003 2002 2052 2053 
1963 2004 2003 2053 2054 
1964 2005 2004 2054 2055 
1965 2006 2005 2055 2056 
1966 2007 2006 2056 2057 
1967 2008 2007 2057 2058 
1968 2009 2008 2058 2059 
1969 2010 2009 2059 2060 
1970 2011 2010 2060 2061 
1971 2012 2011 2061 2062 
1972 2013 2012 2062 2063 
1973 2014 2013 2063 2064 
1974 2015 2014 2064 2065 
1975 2016 2015 2065 2066 
1976 2017 2016 2066 2067 
1977 2018 2017 2067 2068 
1978 2019 2018 2068 2069 
1979 2020 2019 2069 2070 
1980 2021 2020 2070 2071 
1981 2022 2021 2071 2072 
1982 2023 2022 2072 2073 
1983 2024 2023 2073 2074 
1984 2025 2024 2074 2075 
1985 2026 2025 2075 2076 
1986 2027 2026 2076 2077 
1987 2028 2027 2077 2078 
1988 2029 2028 2078 2079 
1989 2030 2029 2079 2080 
1990 2031 2030 2080 2081 
1991 2032 2031 2081 2082 
1992 2033 2032 2082 2083 
1993 2034 2033 2083 2084 
1994 2035 2034 2084 2085 
1995 2036 2035 2085 2086 
1996 2037 2036 2086 2087 
1997 2038 2037 2087 2088 
1998 2039 2038 2088 2089 
1999 2040 2039 2089 2090 
2000 2041 2040 2090 2091 
2001 2042 2041 2091 2092 
2002 2043 2042 2092 2093 
2003 2044 2043 2093 2094 
2004 2045 2044 2094 2095 
2005 2046 2045 2095 2096 
2006 2047 2046 2096 2097 
2007 2048 2047 2097 2098 
2008 2049 2048 2098 2099 
2009 2050 2049 2099 2100 
2010 2052 2051 2101 2102 
2011 2053 2052 2102 2103 
2012 2054 2053 2103 2104 
2013 2055 2054 2104 2105 
2014 2056 2055 2105 2106 
2015 2057 2056 2106 2107 
2016 2058 2057 2107 2108 
2017 2059 2058 2108 2109 
2018 2060 2059 2109 2110 
2019 2061 2060 2110 2111 
2020 2062 2061 2111 2112 
2021 2063 2062 2112 2113 
2022 2064 2063 2113 2114 
2023 2065 2064 2114 2115 
2024 2066 2065 2115 2116 
2025 2067 2066 2116 2117 
2026 2068 2067 2117 2118 
2027 2069 2068 2118 2119 
2028 2070 2069 2119 2120 
2029 2071 2070 2120 2121 
2030 2072 2071 2121 2122 
2031 2073 2072 2122 2123 
2032 2074 2073 2123 2124 
2033 2075 2074 2124 2125 
2034 2076 2075 2125 2126 
2035 2077 2076 2126 2127 
2036 2078 2077 2127 2128 
2037 2079 2078 2128 2129 
2038 2080 2079 2129 2130 
2039 2081 2080 2130 2131 
2040 2082 2081 2131 2132 
2041 2083 2082 2132 2133 
2042 2084 2083 2133 2134 
2043 2085 2084 2134 2135 
2044 2086 2085 2135 2136 
2045 2087 2086 2136 2137 
2046 2088 2087 2137 2138 
2047 2089 2088 2138 2139 
2048 2090 2089 2139 2140 
2049 2091 2090 2140 2141 
2050 2092 2091 2141 2142 
2051 2093 2092 2142 2143 
2052 2094 2093 2143 2144 
2053 2095 2094 2144 2145 
2054 2096 2095 2145 2146 
2055 2097 2096 2146 2147 
2056 2098 2097 2147 2148 
2057 2099 2098 2148 2149 
2058 2100 2099 2149 2150 
2059 2102 2101 2151 2152 
2060 2103 2102 2152 2153 
2061 2104 2103 2153 2154 
2062 2105 2104 2154 2155 
2063 2106 2105 2155 2156 
2064 2107 2106 2156 2157 
2065 2108 2107 2157 2158 
2066 2109 2108 2158 2159 
2067 2110 2109 2159 2160 
2068 2111 2110 2160 2161 
2069 2112 2111 2161 2162 
2070 2113 2112 2162 2163 
2071 2114 2113 2163 2164 
2072 2115 2114 2164 2165 
2073 2116 2115 2165 2166 
2074 2117 2116 2166 2167 
2075 2118 2117 2167 2168 
2076 2119 2118 2168 2169 
2077 2120 2119 2169 2170 
2078 2121 2120 2170 2171 
2079 2122 2121 2171 2172 
2080 2123 2122 2172 2173 
2081 2124 2123 2173 2174 
2082 2125 2124 2174 2175 
2083 2126 2125 2175 2176 
2084 2127 2126 2176 2177 
2085 2128 2127 2177 2178 
2086 2129 2128 2178 2179 
2087 2130 2129 2179 2180 
2088 2131 2130 2180 2181 
2089 2132 2131 2181 2182 
2090 2133 2132 2182 2183 
2091 2134 2133 2183 2184 
2092 2135 2134 2184 2185 
2093 2136 2135 2185 2186 
2094 2137 2136 2186 2187 
2095 2138 2137 2187 2188 
2096 2139 2138 2188 2189 
2097 2140 2139 2189 2190 
2098 2141 2140 2190 2191 
2099 2142 2141 2191 2192 
2100 2143 2142 2192 2193 
2101 2144 2143 2193 2194 
2102 2145 2144 2194 2195 
2103 2146 2145 2195 2196 
2104 2147 2146 2196 2197 
2105 2148 2147 2197 2198 
2106 2149 2148 2198 2199 
2107 2150 2149 2199 2200 
2108 2152 2151 2201 2202 
2109 2153 2152 2202 2203 
2110 2154 2153 2203 2204 
2111 2155 2154 2204 2205 
2112 2156 2155 2205 2206 
2113 2157 2156 2206 2207 
2114 2158 2157 2207 2208 
2115 2159 2158 2208 2209 
2116 2160 2159 2209 2210 
2117 2161 2160 2210 2211 
2118 2162 2161 2211 2212 
2119 2163 2162 2212 2213 
2120 2164 2163 2213 2214 
2121 2165 2164 2214 2215 
2122 2166 2165 2215 2216 
2123 2167 2166 2216 2217 
2124 2168 2167 2217 2218 
2125 2169 2168 2218 2219 
2126 2170 2169 2219 2220 
2127 2171 2170 2220 2221 
2128 2172 2171 2221 2222 
2129 2173 2172 2222 2223 
2130 2174 2173 2223 2224 
2131 2175 2174 2224 2225 
2132 2176 2175 2225 2226 
2133 2177 2176 2226 2227 
2134 2178 2177 2227 2228 
2135 2179 2178 2228 2229 
2136 2180 2179 2229 2230 
2137 2181 2180 2230 2231 
2138 2182 2181 2231 2232 
2139 2183 2182 2232 2233 
2140 2184 2183 2233 2234 
2141 2185 2184 2234 2235 
2142 2186 2185 2235 2236 
2143 2187 2186 2236 2237 
2144 2188 2187 2237 2238 
2145 2189 2188 2238 2239 
2146 2190 2189 2239 2240 
2147 2191 2190 2240 2241 
2148 2192 2191 2241 2242 
2149 2193 2192 2242 2243 
2150 2194 2193 2243 2244 
2151 2195 2194 2244 2245 
2152 2196 2195 2245 2246 
2153 2197 2196 2246 2247 
2154 2198 2197 2247 2248 
2155 2199 2198 2248 2249 
2156 2200 2199 2249 2250 
2157 2202 2201 2251 2252 
2158 2203 2202 2252 2253 
2159 2204 2203 2253 2254 
2160 2205 2204 2254 2255 
2161 2206 2205 2255 2256 
2162 2207 2206 2256 2257 
2163 2208 2207 2257 2258 
2164 2209 2208 2258 2259 
2165 2210 2209 2259 2260 
2166 2211 2210 2260 2261 
2167 2212 2211 2261 2262 
2168 2213 2212 2262 2263 
2169 2214 2213 2263 2264 
2170 2215 2214 2264 2265 
2171 2216 2215 2265 2266 
2172 2217 2216 2266 2267 
2173 2218 2217 2267 2268 
2174 2219 2218 2268 2269 
2175 2220 2219 2269 2270 
2176 2221 2220 2270 2271 
2177 2222 2221 2271 2272 
2178 2223 2222 2272 2273 
2179 2224 2223 2273 2274 
2180 2225 2224 2274 2275 
2181 2226 2225 2275 2276 
2182 2227 2226 2276 2277 
2183 2228 2227 2277 2278 
2184 2229 2228 2278 2279 
2185 2230 2229 2279 2280 
2186 2231 2230 2280 2281 
2187 2232 2231 2281 2282 
2188 2233 2232 2282 2283 
2189 2234 2233 2283 2284 
2190 2235 2234 2284 2285 
2191 2236 2235 2285 2286 
2192 2237 2236 2286 2287 
2193 2238 2237 2287 2288 
2194 2239 2238 2288 2289 
2195 2240 2239 2289 2290 
2196 2241 2240 2290 2291 
2197 2242 2241 2291 2292 
2198 2243 2242 2292 2293 
2199 2244 2243 2293 2294 
2200 2245 2244 2294 2295 
2201 2246 2245 2295 2296 
2202 2247 2246 2296 2297 
2203 2248 2247 2297 2298 
2204 2249 2248 2298 2299 
2205 2250 2249 2299 2300 
2206 2252 2251 2301 2302 
2207 2253 2252 2302 2303 
2208 2254 2253 2303 2304 
2209 2255 2254 2304 2305 
2210 2256 2255 2305 2306 
2211 2257 2256 2306 2307 
2212 2258 2257 2307 2308 
2213 2259 2258 2308 2309 
2214 2260 2259 2309 2310 
2215 2261 2260 2310 2311 
2216 2262 2261 2311 2312 
2217 2263 2262 2312 2313 
2218 2264 2263 2313 2314 
2219 2265 2264 2314 2315 
2220 2266 2265 2315 2316 
2221 2267 2266 2316 2317 
2222 2268 2267 2317 2318 
2223 2269 2268 2318 2319 
2224 2270 2269 2319 2320 
2225 2271 2270 2320 2321 
2226 2272 2271 2321 2322 
2227 2273 2272 2322 2323 
2228 2274 2273 2323 2324 
2229 2275 2274 2324 2325 
2230 2276 2275 2325 2326 
2231 2277 2276 2326 2327 
2232 2278 2277 2327 2328 
2233 2279 2278 2328 2329 
2234 2280 2279 2329 2330 
2235 2281 2280 2330 2331 
2236 2282 2281 2331 2332 
2237 2283 2282 2332 2333 
2238 2284 2283 2333 2334 
2239 2285 2284 2334 2335 
2240 2286 2285 2335 2336 
2241 2287 2286 2336 2337 
2242 2288 2287 2337 2338 
2243 2289 2288 2338 2339 
2244 2290 2289 2339 2340 
2245 2291 2290 2340 2341 
2246 2292 2291 2341 2342 
2247 2293 2292 2342 2343 
2248 2294 2293 2343 2344 
2249 2295 2294 2344 2345 
2250 2296 2295 2345 2346 
2251 2297 2296 2346 2347 
2252 2298 2297 2347 2348 
2253 2299 2298 2348 2349 
2254 2300 2299 2349 2350 
2255 2302 2301 2351 2352 
2256 2303 2302 2352 2353 
2257 2304 2303 2353 2354 
2258 2305 2304 2354 2355 
2259 2306 2305 2355 2356 
2260 2307 2306 2356 2357 
2261 2308 2307 2357 2358 
2262 2309 2308 2358 2359 
2263 2310 2309 2359 2360 
2264 2311 2310 2360 2361 
2265 2312 2311 2361 2362 
2266 2313 2312 2362 2363 
2267 2314 2313 2363 2364 
2268 2315 2314 2364 2365 
2269 2316 2315 2365 2366 
2270 2317 2316 2366 2367 
2271 2318 2317 2367 2368 
2272 2319 2318 2368 2369 
2273 2320 2319 2369 2370 
2274 2321 2320 2370 2371 
2275 2322 2321 2371 2372 
2276 2323 2322 2372 2373 
2277 2324 2323 2373 2374 
2278 2325 2324 2374 2375 
2279 2326 2325 2375 2376 
2280 2327 2326 2376 2377 
2281 2328 2327 2377 2378 
2282 2329 2328 2378 2379 
2283 2330 2329 2379 2380 
2284 2331 2330 2380 2381 
2285 2332 2331 2381 2382 
2286 2333 2332 2382 2383 
2287 2334 2333 2383 2384 
2288 2335 2334 2384 2385 
2289 2336 2335 2385 2386 
2290 2337 2336 2386 2387 
2291 2338 2337 2387 2388 
2292 2339 2338 2388 2389 
2293 2340 2339 2389 2390 
2294 2341 2340 2390 2391 
2295 2342 2341 2391 2392 
2296 2343 2342 2392 2393 
2297 2344 2343 2393 2394 
2298 2345 2344 2394 2395 
2299 2346 2345 2395 2396 
2300 2347 2346 2396 2397 
2301 2348 2347 2397 2398 
2302 2349 2348 2398 2399 
2303 2350 2349 2399 2400 
2304 2352 2351 2401 2402 
2305 2353 2352 2402 2403 
2306 2354 2353 2403 2404 
2307 2355 2354 2404 2405 
2308 2356 2355 2405 2406 
2309 2357 2356 2406 2407 
2310 2358 2357 2407 2408 
2311 2359 2358 2408 2409 
2312 2360 2359 2409 2410 
2313 2361 2360 2410 2411 
2314 2362 2361 2411 2412 
2315 2363 2362 2412 2413 
2316 2364 2363 2413 2414 
2317 2365 2364 2414 2415 
2318 2366 2365 2415 2416 
2319 2367 2366 2416 2417 
2320 2368 2367 2417 2418 
2321 2369 2368 2418 2419 
2322 2370 2369 2419 2420 
2323 2371 2370 2420 2421 
2324 2372 2371 2421 2422 
2325 2373 2372 2422 2423 
2326 2374 2373 2423 2424 
2327 2375 2374 2424 2425 
2328 2376 2375 2425 2426 
2329 2377 2376 2426 2427 
2330 2378 2377 2427 2428 
2331 2379 2378 2428 2429 
2332 2380 2379 2429 2430 
2333 2381 2380 2430 2431 
2334 2382 2381 2431 2432 
2335 2383 2382 2432 2433 
2336 2384 2383 2433 2434 
2337 2385 2384 2434 2435 
2338 2386 2385 2435 2436 
2339 2387 2386 2436 2437 
2340 2388 2387 2437 2438 
2341 2389 2388 2438 2439 
2342 2390 2389 2439 2440 
2343 2391 2390 2440 2441 
2344 2392 2391 2441 2442 
2345 2393 2392 2442 2443 
2346 2394 2393 2443 2444 
2347 2395 2394 2444 2445 
2348 2396 2395 2445 2446 
2349 2397 2396 2446 2447 
2350 2398 2397 2447 2448 
2351 2399 2398 2448 2449 
2352 2400 2399 2449 2450 
2353 2402 2401 2451 2452 
2354 2403 2402 2452 2453 
2355 2404 2403 2453 2454 
2356 2405 2404 2454 2455 
2357 2406 2405 2455 2456 
2358 2407 2406 2456 2457 
2359 2408 2407 2457 2458 
2360 2409 2408 2458 2459 
2361 2410 2409 2459 2460 
2362 2411 2410 2460 2461 
2363 2412 2411 2461 2462 
2364 2413 2412 2462 2463 
2365 2414 2413 2463 2464 
2366 2415 2414 2464 2465 
2367 2416 2415 2465 2466 
2368 2417 2416 2466 2467 
2369 2418 2417 2467 2468 
2370 2419 2418 2468 2469 
2371 2420 2419 2469 2470 
2372 2421 2420 2470 2471 
2373 2422 2421 2471 2472 
2374 2423 2422 2472 2473 
2375 2424 2423 2473 2474 
2376 2425 2424 2474 2475 
2377 2426 2425 2475 2476 
2378 2427 2426 2476 2477 
2379 2428 2427 2477 2478 
2380 2429 2428 2478 2479 
2381 2430 2429 2479 2480 
2382 2431 2430 2480 2481 
2383 2432 2431 2481 2482 
2384 2433 2432 2482 2483 
2385 2434 2433 2483 2484 
2386 2435 2434 2484 2485 
2387 2436 2435 2485 2486 
2388 2437 2436 2486 2487 
2389 2438 2437 2487 2488 
2390 2439 2438 2488 2489 
2391 2440 2439 2489 2490 
2392 2441 2440 2490 2491 
2393 2442 2441 2491 2492 
2394 2443 2442 2492 2493 
2395 2444 2443 2493 2494 
2396 2445 2444 2494 2495 
2397 2446 2445 2495 2496 
2398 2447 2446 2496 2497 
2399 2448 2447 2497 2498 
2400 2449 2448 2498 2499 
2401 2450 2449 2499 2500 
