0	1	1	1	2	
49	1	1	1	2	
98	1	1	1	2	
147	1	1	1	2	
196	1	1	1	2	
245	1	1	1	2	
294	1	1	1	2	
343	1	1	1	2	
392	1	1	1	2	
441	1	1	1	2	
490	1	1	1	2	
539	1	1	1	2	
588	1	1	1	2	
637	1	1	1	2	
686	1	1	1	2	
735	1	1	1	2	
784	1	1	1	2	
833	1	1	1	2	
882	1	1	1	2	
931	1	1	1	2	
980	1	1	1	2	
1029	1	1	1	2	
1078	1	1	1	2	
1127	1	1	1	2	
1176	1	1	1	2	
1225	1	1	1	2	
1274	1	1	1	2	
1323	1	1	1	2	
1372	1	1	1	2	
1421	1	1	1	2	
1470	1	1	1	2	
1519	1	1	1	2	
1568	1	1	1	2	
1617	1	1	1	2	
1666	1	1	1	2	
1715	1	1	1	2	
1764	1	1	1	2	
1813	1	1	1	2	
1862	1	1	1	2	
1911	1	1	1	2	
1960	1	1	1	2	
2009	1	1	1	2	
2058	1	1	1	2	
2107	1	1	1	2	
2156	1	1	1	2	
2205	1	1	1	2	
2254	1	1	1	2	
2303	1	1	1	2	
2352	1	1	1	2	
48	3	1	3	0	
97	3	1	3	0	
146	3	1	3	0	
195	3	1	3	0	
244	3	1	3	0	
293	3	1	3	0	
342	3	1	3	0	
391	3	1	3	0	
440	3	1	3	0	
489	3	1	3	0	
538	3	1	3	0	
587	3	1	3	0	
636	3	1	3	0	
685	3	1	3	0	
734	3	1	3	0	
783	3	1	3	0	
832	3	1	3	0	
881	3	1	3	0	
930	3	1	3	0	
979	3	1	3	0	
1028	3	1	3	0	
1077	3	1	3	0	
1126	3	1	3	0	
1175	3	1	3	0	
1224	3	1	3	0	
1273	3	1	3	0	
1322	3	1	3	0	
1371	3	1	3	0	
1420	3	1	3	0	
1469	3	1	3	0	
1518	3	1	3	0	
1567	3	1	3	0	
1616	3	1	3	0	
1665	3	1	3	0	
1714	3	1	3	0	
1763	3	1	3	0	
1812	3	1	3	0	
1861	3	1	3	0	
1910	3	1	3	0	
1959	3	1	3	0	
2008	3	1	3	0	
2057	3	1	3	0	
2106	3	1	3	0	
2155	3	1	3	0	
2204	3	1	3	0	
2253	3	1	3	0	
2302	3	1	3	0	
2351	3	1	3	0	
2400	3	1	3	0	
0	0	1	0	1	
1	0	1	0	1	
2	0	1	0	1	
3	0	1	0	1	
4	0	1	0	1	
5	0	1	0	1	
6	0	1	0	1	
7	0	1	0	1	
8	0	1	0	1	
9	0	1	0	1	
10	0	1	0	1	
11	0	1	0	1	
12	0	1	0	1	
13	0	1	0	1	
14	0	1	0	1	
15	0	1	0	1	
16	0	1	0	1	
17	0	1	0	1	
18	0	1	0	1	
19	0	1	0	1	
20	0	1	0	1	
21	0	1	0	1	
22	0	1	0	1	
23	0	1	0	1	
24	0	1	0	1	
25	0	1	0	1	
26	0	1	0	1	
27	0	1	0	1	
28	0	1	0	1	
29	0	1	0	1	
30	0	1	0	1	
31	0	1	0	1	
32	0	1	0	1	
33	0	1	0	1	
34	0	1	0	1	
35	0	1	0	1	
36	0	1	0	1	
37	0	1	0	1	
38	0	1	0	1	
39	0	1	0	1	
40	0	1	0	1	
41	0	1	0	1	
42	0	1	0	1	
43	0	1	0	1	
44	0	1	0	1	
45	0	1	0	1	
46	0	1	0	1	
47	0	1	0	1	
48	0	1	0	1	
2352	2	-1	2	3	
2353	2	-1	2	3	
2354	2	-1	2	3	
2355	2	-1	2	3	
2356	2	-1	2	3	
2357	2	-1	2	3	
2358	2	-1	2	3	
2359	2	-1	2	3	
2360	2	-1	2	3	
2361	2	-1	2	3	
2362	2	-1	2	3	
2363	2	-1	2	3	
2364	2	-1	2	3	
2365	2	-1	2	3	
2366	2	-1	2	3	
2367	2	-1	2	3	
2368	2	-1	2	3	
2369	2	-1	2	3	
2370	2	-1	2	3	
2371	2	-1	2	3	
2372	2	-1	2	3	
2373	2	-1	2	3	
2374	2	-1	2	3	
2375	2	-1	2	3	
2376	2	-1	2	3	
2377	2	-1	2	3	
2378	2	-1	2	3	
2379	2	-1	2	3	
2380	2	-1	2	3	
2381	2	-1	2	3	
2382	2	-1	2	3	
2383	2	-1	2	3	
2384	2	-1	2	3	
2385	2	-1	2	3	
2386	2	-1	2	3	
2387	2	-1	2	3	
2388	2	-1	2	3	
2389	2	-1	2	3	
2390	2	-1	2	3	
2391	2	-1	2	3	
2392	2	-1	2	3	
2393	2	-1	2	3	
2394	2	-1	2	3	
2395	2	-1	2	3	
2396	2	-1	2	3	
2397	2	-1	2	3	
2398	2	-1	2	3	
2399	2	-1	2	3	
2400	2	-1	2	3	
