1
elemin, elemax, nodemin, nodemax, nedgenode_l, nedgenode_r, NodeIteratorMin, NodeIteratorMax
0 9900 0 10149 0 0 0 10149
1
elemin, elemax, nodemin, nodemax, nedgenode_l, nedgenode_r, NodeIteratorMin, NodeIteratorMax
0 9901 29849 39999 0 0 29849 39999
1
elemin, elemax, nodemin, nodemax, nedgenode_l, nedgenode_r, NodeIteratorMin, NodeIteratorMax
0 9900 9949 20099 0 0 9949 20099
2
elemin, elemax, nodemin, nodemax, nedgenode_l, nedgenode_r, NodeIteratorMin, NodeIteratorMax
0 4950 0 5174 0 201 0 4973
4950 9900 4974 10149 201 0 4974 10149
1
elemin, elemax, nodemin, nodemax, nedgenode_l, nedgenode_r, NodeIteratorMin, NodeIteratorMax
0 9900 19899 30049 0 0 19899 30049
3
2
elemin, elemax, nodemin, nodemax, nedgenode_l, nedgenode_r, NodeIteratorMin, NodeIteratorMax
elemin, elemax, nodemin, nodemax, nedgenode_l, nedgenode_r, NodeIteratorMin, NodeIteratorMax
0 3300 0 3516 0 201 0 3315
0 4950 29849 35024 0 201 29849 34823
3300 6600 3316 6833 201 201 3316 6632
4950 9901 34824 39999 201 0 34824 39999
6600 9900 6633 10149 201 0 6633 10149
2
elemin, elemax, nodemin, nodemax, nedgenode_l, nedgenode_r, NodeIteratorMin, NodeIteratorMax
0 4950 9949 15124 0 201 9949 14923
4950 9900 14924 20099 201 0 14924 20099
2
elemin, elemax, nodemin, nodemax, nedgenode_l, nedgenode_r, NodeIteratorMin, NodeIteratorMax
0 4950 19899 25074 0 201 19899 24873
4950 9900 24874 30049 201 0 24874 30049
4
elemin, elemax, nodemin, nodemax, nedgenode_l, nedgenode_r, NodeIteratorMin, NodeIteratorMax
0 2475 0 2687 0 201 0 2486
2475 4950 2487 5174 201 201 2487 4973
4950 7425 4974 7662 201 201 4974 7461
7425 9900 7462 10149 201 0 7462 10149
3
elemin, elemax, nodemin, nodemax, nedgenode_l, nedgenode_r, NodeIteratorMin, NodeIteratorMax
0 3300 29849 33365 0 201 29849 33164
3300 6600 33165 36682 201 201 33165 36481
6600 9901 36482 39999 201 0 36482 39999
5
elemin, elemax, nodemin, nodemax, nedgenode_l, nedgenode_r, NodeIteratorMin, NodeIteratorMax
0 1980 0 2189 0 201 0 1988
1980 3960 1989 4179 201 201 1989 3978
3960 5940 3979 6169 201 201 3979 5968
5940 7920 5969 8159 201 201 5969 7958
7920 9900 7959 10149 201 0 7959 10149
3
elemin, elemax, nodemin, nodemax, nedgenode_l, nedgenode_r, NodeIteratorMin, NodeIteratorMax
0 3300 9949 13466 0 201 9949 13265
3300 6600 13266 16782 201 201 13266 16581
6600 9900 16582 20099 201 0 16582 20099
3
elemin, elemax, nodemin, nodemax, nedgenode_l, nedgenode_r, NodeIteratorMin, NodeIteratorMax
0 3300 19899 23416 0 201 19899 23215
3300 6600 23216 26732 201 201 23216 26531
6600 9900 26532 30049 201 0 26532 30049
4
elemin, elemax, nodemin, nodemax, nedgenode_l, nedgenode_r, NodeIteratorMin, NodeIteratorMax
0 2475 29849 32536 0 201 29849 32335
2475 4950 32336 35024 201 201 32336 34823
4950 7425 34824 37511 201 201 34824 37310
7425 9901 37311 39999 201 0 37311 39999
6
elemin, elemax, nodemin, nodemax, nedgenode_l, nedgenode_r, NodeIteratorMin, NodeIteratorMax
0 1650 0 1858 0 201 0 1657
1650 3300 1658 3516 201 201 1658 3315
3300 4950 3316 5174 201 201 3316 4973
4950 6600 4974 6833 201 201 4974 6632
6600 8250 6633 8491 201 201 6633 8290
8250 9900 8291 10149 201 0 8291 10149
4
elemin, elemax, nodemin, nodemax, nedgenode_l, nedgenode_r, NodeIteratorMin, NodeIteratorMax
0 2475 9949 12637 0 201 9949 12436
2475 4950 12437 15124 201 201 12437 14923
4950 7425 14924 17612 201 201 14924 17411
7425 9900 17412 20099 201 0 17412 20099
4
elemin, elemax, nodemin, nodemax, nedgenode_l, nedgenode_r, NodeIteratorMin, NodeIteratorMax
0 2475 19899 22586 0 201 19899 22385
2475 4950 22386 25074 201 201 22386 24873
4950 7425 24874 27561 201 201 24874 27360
7425 9900 27361 30049 201 0 27361 30049
5
elemin, elemax, nodemin, nodemax, nedgenode_l, nedgenode_r, NodeIteratorMin, NodeIteratorMax
0 1980 29849 32039 0 201 29849 31838
1980 3960 31839 34029 201 201 31839 33828
3960 5940 33829 36019 201 201 33829 35818
5940 7920 35819 38009 201 201 35819 37808
7920 9901 37809 39999 201 0 37809 39999
5
elemin, elemax, nodemin, nodemax, nedgenode_l, nedgenode_r, NodeIteratorMin, NodeIteratorMax
0 1980 9949 12139 0 201 9949 11938
1980 3960 11939 14129 201 201 11939 13928
3960 5940 13929 16119 201 201 13929 15918
5940 7920 15919 18109 201 201 15919 17908
7920 9900 17909 20099 201 0 17909 20099
7
elemin, elemax, nodemin, nodemax, nedgenode_l, nedgenode_r, NodeIteratorMin, NodeIteratorMax
0 1414 0 1621 0 201 0 1420
1414 2828 1421 3042 201 201 1421 2841
2828 4242 2842 4463 201 201 2842 4262
4242 5656 4263 5884 201 201 4263 5683
5656 7070 5684 7305 201 201 5684 7104
7070 8484 7105 8726 201 201 7105 8525
8484 9900 8526 10149 201 0 8526 10149
5
elemin, elemax, nodemin, nodemax, nedgenode_l, nedgenode_r, NodeIteratorMin, NodeIteratorMax
0 1980 19899 22089 0 201 19899 21888
1980 3960 21889 24079 201 201 21889 23878
3960 5940 23879 26069 201 201 23879 25868
5940 7920 25869 28059 201 201 25869 27858
7920 9900 27859 30049 201 0 27859 30049
6
elemin, elemax, nodemin, nodemax, nedgenode_l, nedgenode_r, NodeIteratorMin, NodeIteratorMax
0 1650 9949 11808 0 201 9949 11607
1650 3300 11608 13466 201 201 11608 13265
3300 4950 13266 15124 201 201 13266 14923
4950 6600 14924 16782 201 201 14924 16581
6600 8250 16582 18441 201 201 16582 18240
8250 9900 18241 20099 201 0 18241 20099
6
elemin, elemax, nodemin, nodemax, nedgenode_l, nedgenode_r, NodeIteratorMin, NodeIteratorMax
0 1650 19899 21757 0 201 19899 21556
1650 3300 21557 23416 201 201 21557 23215
3300 4950 23216 25074 201 201 23216 24873
4950 6600 24874 26732 201 201 24874 26531
6600 8250 26532 28390 201 201 26532 28189
8250 9900 28190 30049 201 0 28190 30049
6
elemin, elemax, nodemin, nodemax, nedgenode_l, nedgenode_r, NodeIteratorMin, NodeIteratorMax
0 1650 29849 31707 0 201 29849 31506
1650 3300 31507 33365 201 201 31507 33164
3300 4950 33165 35024 201 201 33165 34823
4950 6600 34824 36682 201 201 34824 36481
6600 8250 36482 38340 201 201 36482 38139
8250 9901 38140 39999 201 0 38140 39999
8
elemin, elemax, nodemin, nodemax, nedgenode_l, nedgenode_r, NodeIteratorMin, NodeIteratorMax
0 1237 0 1443 0 201 0 1242
1237 2474 1243 2686 201 201 1243 2485
2474 3711 2486 3929 201 201 2486 3728
3711 4948 3729 5172 201 201 3729 4971
4948 6185 4972 6416 201 201 4972 6215
6185 7422 6216 7659 201 201 6216 7458
7422 8659 7459 8902 201 201 7459 8701
8659 9900 8702 10149 201 0 8702 10149
7
elemin, elemax, nodemin, nodemax, nedgenode_l, nedgenode_r, NodeIteratorMin, NodeIteratorMax
0 1414 19899 21520 0 201 19899 21319
1414 2828 21320 22941 201 201 21320 22740
2828 4242 22741 24362 201 201 22741 24161
4242 5656 24162 25783 201 201 24162 25582
5656 7070 25583 27205 201 201 25583 27004
7070 8484 27005 28626 201 201 27005 28425
8484 9900 28426 30049 201 0 28426 30049
7
elemin, elemax, nodemin, nodemax, nedgenode_l, nedgenode_r, NodeIteratorMin, NodeIteratorMax
0 1414 9949 11570 0 201 9949 11369
1414 2828 11370 12991 201 201 11370 12790
2828 4242 12791 14413 201 201 12791 14212
4242 5656 14213 15834 201 201 14213 15633
5656 7070 15634 17255 201 201 15634 17054
7070 8484 17055 18676 201 201 17055 18475
8484 9900 18476 20099 201 0 18476 20099
7
elemin, elemax, nodemin, nodemax, nedgenode_l, nedgenode_r, NodeIteratorMin, NodeIteratorMax
0 1414 29849 31470 0 201 29849 31269
1414 2828 31270 32891 201 201 31270 32690
2828 4242 32691 34312 201 201 32691 34111
4242 5656 34112 35733 201 201 34112 35532
5656 7070 35533 37154 201 201 35533 36953
7070 8484 36954 38575 201 201 36954 38374
8484 9901 38375 39999 201 0 38375 39999
8
elemin, elemax, nodemin, nodemax, nedgenode_l, nedgenode_r, NodeIteratorMin, NodeIteratorMax
0 1237 19899 21342 0 201 19899 21141
1237 2474 21142 22585 201 201 21142 22384
2474 3711 22385 23829 201 201 22385 23628
3711 4948 23629 25072 201 201 23629 24871
4948 6185 24872 26315 201 201 24872 26114
6185 7422 26115 27558 201 201 26115 27357
7422 8659 27358 28802 201 201 27358 28601
8659 9900 28602 30049 201 0 28602 30049
9
elemin, elemax, nodemin, nodemax, nedgenode_l, nedgenode_r, NodeIteratorMin, NodeIteratorMax
0 1100 0 1305 0 201 0 1104
1100 2200 1105 2411 201 201 1105 2210
2200 3300 2211 3516 201 201 2211 3315
3300 4400 3316 4622 201 201 3316 4421
4400 5500 4422 5727 201 201 4422 5526
5500 6600 5527 6833 201 201 5527 6632
6600 7700 6633 7938 201 201 6633 7737
7700 8800 7738 9044 201 201 7738 8843
8800 9900 8844 10149 201 0 8844 10149
8
elemin, elemax, nodemin, nodemax, nedgenode_l, nedgenode_r, NodeIteratorMin, NodeIteratorMax
0 1237 9949 11392 0 201 9949 11191
1237 2474 11192 12636 201 201 11192 12435
2474 3711 12436 13879 201 201 12436 13678
3711 4948 13679 15122 201 201 13679 14921
4948 6185 14922 16365 201 201 14922 16164
6185 7422 16165 17609 201 201 16165 17408
7422 8659 17409 18852 201 201 17409 18651
8659 9900 18652 20099 201 0 18652 20099
9
elemin, elemax, nodemin, nodemax, nedgenode_l, nedgenode_r, NodeIteratorMin, NodeIteratorMax
0 1100 19899 21205 0 201 19899 21004
1100 2200 21005 22310 201 201 21005 22109
2200 3300 22110 23416 201 201 22110 23215
3300 4400 23216 24521 201 201 23216 24320
4400 5500 24321 25627 201 201 24321 25426
5500 6600 25427 26732 201 201 25427 26531
6600 7700 26532 27838 201 201 26532 27637
7700 8800 27638 28943 201 201 27638 28742
8800 9900 28743 30049 201 0 28743 30049
8
elemin, elemax, nodemin, nodemax, nedgenode_l, nedgenode_r, NodeIteratorMin, NodeIteratorMax
0 1237 29849 31292 0 201 29849 31091
1237 2474 31092 32535 201 201 31092 32334
2474 3711 32335 33778 201 201 32335 33577
3711 4948 33578 35022 201 201 33578 34821
4948 6185 34822 36265 201 201 34822 36064
6185 7422 36065 37508 201 201 36065 37307
7422 8659 37308 38751 201 201 37308 38550
8659 9901 38551 39999 201 0 38551 39999
9
elemin, elemax, nodemin, nodemax, nedgenode_l, nedgenode_r, NodeIteratorMin, NodeIteratorMax
0 1100 9949 11255 0 201 9949 11054
1100 2200 11055 12360 201 201 11055 12159
2200 3300 12160 13466 201 201 12160 13265
3300 4400 13266 14571 201 201 13266 14370
4400 5500 14371 15677 201 201 14371 15476
5500 6600 15477 16782 201 201 15477 16581
6600 7700 16582 17888 201 201 16582 17687
7700 8800 17688 18993 201 201 17688 18792
8800 9900 18793 20099 201 0 18793 20099
10
elemin, elemax, nodemin, nodemax, nedgenode_l, nedgenode_r, NodeIteratorMin, NodeIteratorMax
0 990 0 1194 0 201 0 993
990 1980 994 2189 201 201 994 1988
1980 2970 1989 3184 201 201 1989 2983
2970 3960 2984 4179 201 201 2984 3978
3960 4950 3979 5174 201 201 3979 4973
4950 5940 4974 6169 201 201 4974 5968
5940 6930 5969 7164 201 201 5969 6963
6930 7920 6964 8159 201 201 6964 7958
7920 8910 7959 9154 201 201 7959 8953
8910 9900 8954 10149 201 0 8954 10149
10
elemin, elemax, nodemin, nodemax, nedgenode_l, nedgenode_r, NodeIteratorMin, NodeIteratorMax
0 990 19899 21094 0 201 19899 20893
990 1980 20894 22089 201 201 20894 21888
1980 2970 21889 23084 201 201 21889 22883
2970 3960 22884 24079 201 201 22884 23878
3960 4950 23879 25074 201 201 23879 24873
4950 5940 24874 26069 201 201 24874 25868
5940 6930 25869 27064 201 201 25869 26863
6930 7920 26864 28059 201 201 26864 27858
7920 8910 27859 29054 201 201 27859 28853
8910 9900 28854 30049 201 0 28854 30049
10
elemin, elemax, nodemin, nodemax, nedgenode_l, nedgenode_r, NodeIteratorMin, NodeIteratorMax
0 990 9949 11144 0 201 9949 10943
990 1980 10944 12139 201 201 10944 11938
1980 2970 11939 13134 201 201 11939 12933
2970 3960 12934 14129 201 201 12934 13928
3960 4950 13929 15124 201 201 13929 14923
4950 5940 14924 16119 201 201 14924 15918
5940 6930 15919 17114 201 201 15919 16913
6930 7920 16914 18109 201 201 16914 17908
7920 8910 17909 19104 201 201 17909 18903
8910 9900 18904 20099 201 0 18904 20099
11
elemin, elemax, nodemin, nodemax, nedgenode_l, nedgenode_r, NodeIteratorMin, NodeIteratorMax
0 900 19899 21004 0 201 19899 20803
900 1800 20804 21908 201 201 20804 21707
1800 2700 21708 22813 201 201 21708 22612
2700 3600 22613 23717 201 201 22613 23516
3600 4500 23517 24622 201 201 23517 24421
4500 5400 24422 25526 201 201 24422 25325
5400 6300 25326 26431 201 201 25326 26230
6300 7200 26231 27335 201 201 26231 27134
7200 8100 27135 28240 201 201 27135 28039
8100 9000 28040 29144 201 201 28040 28943
9000 9900 28944 30049 201 0 28944 30049
9
elemin, elemax, nodemin, nodemax, nedgenode_l, nedgenode_r, NodeIteratorMin, NodeIteratorMax
0 1100 29849 31154 0 201 29849 30953
1100 2200 30954 32260 201 201 30954 32059
2200 3300 32060 33365 201 201 32060 33164
3300 4400 33165 34471 201 201 33165 34270
4400 5500 34271 35576 201 201 34271 35375
5500 6600 35376 36682 201 201 35376 36481
6600 7700 36482 37787 201 201 36482 37586
7700 8800 37587 38893 201 201 37587 38692
8800 9901 38693 39999 201 0 38693 39999
11
elemin, elemax, nodemin, nodemax, nedgenode_l, nedgenode_r, NodeIteratorMin, NodeIteratorMax
0 900 0 1104 0 201 0 903
900 1800 904 2009 201 201 904 1808
1800 2700 1809 2913 201 201 1809 2712
2700 3600 2713 3818 201 201 2713 3617
3600 4500 3618 4722 201 201 3618 4521
4500 5400 4522 5627 201 201 4522 5426
5400 6300 5427 6531 201 201 5427 6330
6300 7200 6331 7436 201 201 6331 7235
7200 8100 7236 8340 201 201 7236 8139
8100 9000 8140 9245 201 201 8140 9044
9000 9900 9045 10149 201 0 9045 10149
11
elemin, elemax, nodemin, nodemax, nedgenode_l, nedgenode_r, NodeIteratorMin, NodeIteratorMax
0 900 9949 11054 0 201 9949 10853
900 1800 10854 11958 201 201 10854 11757
1800 2700 11758 12863 201 201 11758 12662
2700 3600 12663 13767 201 201 12663 13566
12
3600 4500 13567 14672 201 201 13567 14471
elemin, elemax, nodemin, nodemax, nedgenode_l, nedgenode_r, NodeIteratorMin, NodeIteratorMax
4500 5400 14472 15576 201 201 14472 15375
0 825 19899 20928 0 201 19899 20727
5400 6300 15376 16481 201 201 15376 16280
825 1650 20728 21757 201 201 20728 21556
6300 7200 16281 17385 201 201 16281 17184
1650 2475 21557 22586 201 201 21557 22385
7200 8100 17185 18290 201 201 17185 18089
2475 3300 22386 23416 201 201 22386 23215
8100 9000 18090 19194 201 201 18090 18993
3300 4125 23216 24245 201 201 23216 24044
9000 9900 18994 20099 201 0 18994 20099
4125 4950 24045 25074 201 201 24045 24873
4950 5775 24874 25903 201 201 24874 25702
5775 6600 25703 26732 201 201 25703 26531
6600 7425 26532 27561 201 201 26532 27360
7425 8250 27361 28390 201 201 27361 28189
8250 9075 28190 29220 201 201 28190 29019
9075 9900 29020 30049 201 0 29020 30049
10
elemin, elemax, nodemin, nodemax, nedgenode_l, nedgenode_r, NodeIteratorMin, NodeIteratorMax
0 990 29849 31044 0 201 29849 30843
990 1980 30844 32039 201 201 30844 31838
1980 2970 31839 33034 201 201 31839 32833
2970 3960 32834 34029 201 201 32834 33828
3960 4950 33829 35024 201 201 33829 34823
4950 5940 34824 36019 201 201 34824 35818
5940 6930 35819 37014 201 201 35819 36813
6930 7920 36814 38009 201 201 36814 37808
7920 8910 37809 39004 201 201 37809 38803
8910 9901 38804 39999 201 0 38804 39999
13
elemin, elemax, nodemin, nodemax, nedgenode_l, nedgenode_r, NodeIteratorMin, NodeIteratorMax
0 761 19899 20864 0 201 19899 20663
761 1522 20664 21629 201 201 20664 21428
1522 2283 21429 22393 201 201 21429 22192
2283 3044 22193 23158 201 201 22193 22957
3044 3805 22958 23923 201 201 22958 23722
3805 4566 23723 24688 201 201 23723 24487
4566 5327 24488 25453 201 201 24488 25252
5327 6088 25253 26218 201 201 25253 26017
6088 6849 26018 26982 201 201 26018 26781
6849 7610 26782 27747 201 201 26782 27546
7610 8371 27547 28512 201 201 27547 28311
8371 9132 28312 29277 201 201 28312 29076
9132 9900 29077 30049 201 0 29077 30049
12
elemin, elemax, nodemin, nodemax, nedgenode_l, nedgenode_r, NodeIteratorMin, NodeIteratorMax
0 825 9949 10978 0 201 9949 10777
825 1650 10778 11808 201 201 10778 11607
1650 2475 11608 12637 201 201 11608 12436
2475 3300 12437 13466 201 201 12437 13265
3300 4125 13266 14295 201 201 13266 14094
4125 4950 14095 15124 201 201 14095 14923
4950 5775 14924 15953 201 201 14924 15752
5775 6600 15753 16782 201 201 15753 16581
6600 7425 16582 17612 201 201 16582 17411
7425 8250 17412 18441 201 201 17412 18240
8250 9075 18241 19270 201 201 18241 19069
9075 9900 19070 20099 201 0 19070 20099
12
elemin, elemax, nodemin, nodemax, nedgenode_l, nedgenode_r, NodeIteratorMin, NodeIteratorMax
0 825 0 1029 0 201 0 828
825 1650 829 1858 201 201 829 1657
1650 2475 1658 2687 201 201 1658 2486
2475 3300 2487 3516 201 201 2487 3315
3300 4125 3316 4345 201 201 3316 4144
4125 4950 4145 5174 201 201 4145 4973
4950 5775 4974 6004 201 201 4974 5803
5775 6600 5804 6833 201 201 5804 6632
6600 7425 6633 7662 201 201 6633 7461
7425 8250 7462 8491 201 201 7462 8290
8250 9075 8291 9320 201 201 8291 9119
9075 9900 9120 10149 201 0 9120 10149
14
elemin, elemax, nodemin, nodemax, nedgenode_l, nedgenode_r, NodeIteratorMin, NodeIteratorMax
0 707 19899 20810 0 201 19899 20609
707 1414 20610 21520 201 201 20610 21319
1414 2121 21320 22231 201 201 21320 22030
2121 2828 22031 22941 201 201 22031 22740
2828 3535 22741 23652 201 201 22741 23451
3535 4242 23452 24362 201 201 23452 24161
4242 4949 24162 25073 201 201 24162 24872
4949 5656 24873 25783 201 201 24873 25582
5656 6363 25583 26494 201 201 25583 26293
6363 7070 26294 27205 201 201 26294 27004
7070 7777 27005 27915 201 201 27005 27714
7777 8484 27715 28626 201 201 27715 28425
8484 9191 28426 29336 201 201 28426 29135
9191 9900 29136 30049 201 0 29136 30049
13
elemin, elemax, nodemin, nodemax, nedgenode_l, nedgenode_r, NodeIteratorMin, NodeIteratorMax
0 761 9949 10914 0 201 9949 10713
761 1522 10714 11679 201 201 10714 11478
1522 2283 11479 12444 201 201 11479 12243
2283 3044 12244 13209 201 201 12244 13008
3044 3805 13009 13973 201 201 13009 13772
3805 4566 13773 14738 201 201 13773 14537
4566 5327 14538 15503 201 201 14538 15302
5327 6088 15303 16268 201 201 15303 16067
6088 6849 16068 17033 201 201 16068 16832
6849 7610 16833 17797 201 201 16833 17596
7610 8371 17597 18562 201 201 17597 18361
8371 9132 18362 19327 201 201 18362 19126
9132 9900 19127 20099 201 0 19127 20099
11
elemin, elemax, nodemin, nodemax, nedgenode_l, nedgenode_r, NodeIteratorMin, NodeIteratorMax
0 900 29849 30953 0 201 29849 30752
900 1800 30753 31858 201 201 30753 31657
1800 2700 31658 32762 201 201 31658 32561
2700 3600 32562 33667 201 201 32562 33466
3600 4500 33467 34571 201 201 33467 34370
4500 5400 34371 35476 201 201 34371 35275
5400 6300 35276 36380 201 201 35276 36179
6300 7200 36180 37285 201 201 36180 37084
7200 8100 37085 38189 201 201 37085 37988
8100 9000 37989 39094 201 201 37989 38893
9000 9901 38894 39999 201 0 38894 39999
13
elemin, elemax, nodemin, nodemax, nedgenode_l, nedgenode_r, NodeIteratorMin, NodeIteratorMax
0 761 0 964 0 201 0 763
761 1522 764 1729 201 201 764 1528
1522 2283 1529 2494 201 201 1529 2293
2283 3044 2294 3259 201 201 2294 3058
3044 3805 3059 4024 201 201 3059 3823
3805 4566 3824 4788 201 201 3824 4587
4566 5327 4588 5553 201 201 4588 5352
5327 6088 5353 6318 201 201 5353 6117
6088 6849 6118 7083 201 201 6118 6882
6849 7610 6883 7848 201 201 6883 7647
7610 8371 7648 8613 201 201 7648 8412
8371 9132 8413 9377 201 201 8413 9176
9132 9900 9177 10149 201 0 9177 10149
15
elemin, elemax, nodemin, nodemax, nedgenode_l, nedgenode_r, NodeIteratorMin, NodeIteratorMax
0 660 19899 20762 0 201 19899 20561
660 1320 20562 21426 201 201 20562 21225
1320 1980 21226 22089 201 201 21226 21888
1980 2640 21889 22752 201 201 21889 22551
2640 3300 22552 23416 201 201 22552 23215
3300 3960 23216 24079 201 201 23216 23878
3960 4620 23879 24742 201 201 23879 24541
4620 5280 24542 25406 201 201 24542 25205
5280 5940 25206 26069 201 201 25206 25868
5940 6600 25869 26732 201 201 25869 26531
6600 7260 26532 27395 201 201 26532 27194
7260 7920 27195 28059 201 201 27195 27858
7920 8580 27859 28722 201 201 27859 28521
8580 9240 28522 29385 201 201 28522 29184
9240 9900 29185 30049 201 0 29185 30049
14
elemin, elemax, nodemin, nodemax, nedgenode_l, nedgenode_r, NodeIteratorMin, NodeIteratorMax
0 707 9949 10860 0 201 9949 10659
707 1414 10660 11570 201 201 10660 11369
1414 2121 11370 12281 201 201 11370 12080
2121 2828 12081 12991 201 201 12081 12790
2828 3535 12791 13702 201 201 12791 13501
3535 4242 13502 14413 201 201 13502 14212
4242 4949 14213 15123 201 201 14213 14922
4949 5656 14923 15834 201 201 14923 15633
5656 6363 15634 16544 201 201 15634 16343
6363 7070 16344 17255 201 201 16344 17054
7070 7777 17055 17965 201 201 17055 17764
7777 8484 17765 18676 201 201 17765 18475
8484 9191 18476 19386 201 201 18476 19185
9191 9900 19186 20099 201 0 19186 20099
12
elemin, elemax, nodemin, nodemax, nedgenode_l, nedgenode_r, NodeIteratorMin, NodeIteratorMax
0 825 29849 30878 0 201 29849 30677
825 1650 30678 31707 201 201 30678 31506
1650 2475 31507 32536 201 201 31507 32335
2475 3300 32336 33365 201 201 32336 33164
3300 4125 33165 34194 201 201 33165 33993
4125 4950 33994 35024 201 201 33994 34823
4950 5775 34824 35853 201 201 34824 35652
5775 6600 35653 36682 201 201 35653 36481
6600 7425 36482 37511 201 201 36482 37310
7425 8250 37311 38340 201 201 37311 38139
8250 9075 38140 39169 201 201 38140 38968
9075 9901 38969 39999 201 0 38969 39999
16
elemin, elemax, nodemin, nodemax, nedgenode_l, nedgenode_r, NodeIteratorMin, NodeIteratorMax
0 618 19899 20720 0 201 19899 20519
618 1236 20520 21341 201 201 20520 21140
1236 1854 21141 21962 201 201 21141 21761
1854 2472 21762 22583 201 201 21762 22382
2472 3090 22383 23205 201 201 22383 23004
3090 3708 23005 23826 201 201 23005 23625
3708 4326 23626 24447 201 201 23626 24246
4326 4944 24247 25068 201 201 24247 24867
4944 5562 24868 25689 201 201 24868 25488
5562 6180 25489 26310 201 201 25489 26109
6180 6798 26110 26931 201 201 26110 26730
6798 7416 26731 27552 201 201 26731 27351
7416 8034 27352 28173 201 201 27352 27972
8034 8652 27973 28794 201 201 27973 28593
8652 9270 28594 29416 201 201 28594 29215
9270 9900 29216 30049 201 0 29216 30049
14
elemin, elemax, nodemin, nodemax, nedgenode_l, nedgenode_r, NodeIteratorMin, NodeIteratorMax
0 707 0 910 0 201 0 709
707 1414 710 1621 201 201 710 1420
1414 2121 1421 2331 201 201 1421 2130
2121 2828 2131 3042 201 201 2131 2841
2828 3535 2842 3752 201 201 2842 3551
3535 4242 3552 4463 201 201 3552 4262
15
4242 4949 4263 5173 201 201 4263 4972
elemin, elemax, nodemin, nodemax, nedgenode_l, nedgenode_r, NodeIteratorMin, NodeIteratorMax
4949 5656 4973 5884 201 201 4973 5683
0 660 9949 10813 0 201 9949 10612
5656 6363 5684 6594 201 201 5684 6393
660 1320 10613 11476 201 201 10613 11275
6363 7070 6394 7305 201 201 6394 7104
1320 1980 11276 12139 201 201 11276 11938
7070 7777 7105 8016 201 201 7105 7815
1980 2640 11939 12803 201 201 11939 12602
7777 8484 7816 8726 201 201 7816 8525
2640 3300 12603 13466 201 201 12603 13265
8484 9191 8526 9437 201 201 8526 9236
3300 3960 13266 14129 201 201 13266 13928
9191 9900 9237 10149 201 0 9237 10149
3960 4620 13929 14792 201 201 13929 14591
4620 5280 14592 15456 201 201 14592 15255
5280 5940 15256 16119 201 201 15256 15918
5940 6600 15919 16782 201 201 15919 16581
6600 7260 16582 17446 201 201 16582 17245
7260 7920 17246 18109 201 201 17246 17908
7920 8580 17909 18772 201 201 17909 18571
8580 9240 18572 19436 201 201 18572 19235
9240 9900 19236 20099 201 0 19236 20099
13
elemin, elemax, nodemin, nodemax, nedgenode_l, nedgenode_r, NodeIteratorMin, NodeIteratorMax
0 761 29849 30814 0 201 29849 30613
761 1522 30614 31578 201 201 30614 31377
1522 2283 31378 32343 201 201 31378 32142
2283 3044 32143 33108 201 201 32143 32907
3044 3805 32908 33873 201 201 32908 33672
3805 4566 33673 34638 201 201 33673 34437
4566 5327 34438 35403 201 201 34438 35202
5327 6088 35203 36167 201 201 35203 35966
6088 6849 35967 36932 201 201 35967 36731
6849 7610 36732 37697 201 201 36732 37496
7610 8371 37497 38462 201 201 37497 38261
8371 9132 38262 39227 201 201 38262 39026
9132 9901 39027 39999 201 0 39027 39999
16
elemin, elemax, nodemin, nodemax, nedgenode_l, nedgenode_r, NodeIteratorMin, NodeIteratorMax
0 618 9949 10770 0 201 9949 10569
618 1236 10570 11391 201 201 10570 11190
1236 1854 11191 12013 201 201 11191 11812
1854 2472 11813 12634 201 201 11813 12433
2472 3090 12434 13255 201 201 12434 13054
3090 3708 13055 13876 201 201 13055 13675
3708 4326 13676 14497 201 201 13676 14296
4326 4944 14297 15118 201 201 14297 14917
4944 5562 14918 15739 201 201 14918 15538
5562 6180 15539 16360 201 201 15539 16159
6180 6798 16160 16981 201 201 16160 16780
6798 7416 16781 17603 201 201 16781 17402
7416 8034 17403 18224 201 201 17403 18023
8034 8652 18024 18845 201 201 18024 18644
8652 9270 18645 19466 201 201 18645 19265
9270 9900 19266 20099 201 0 19266 20099
14
elemin, elemax, nodemin, nodemax, nedgenode_l, nedgenode_r, NodeIteratorMin, NodeIteratorMax
0 707 29849 30759 0 201 29849 30558
707 1414 30559 31470 201 201 30559 31269
1414 2121 31270 32180 201 201 31270 31979
2121 2828 31980 32891 201 201 31980 32690
2828 3535 32691 33602 201 201 32691 33401
3535 4242 33402 34312 201 201 33402 34111
4242 4949 34112 35023 201 201 34112 34822
4949 5656 34823 35733 201 201 34823 35532
5656 6363 35533 36444 201 201 35533 36243
6363 7070 36244 37154 201 201 36244 36953
7070 7777 36954 37865 201 201 36954 37664
7777 8484 37665 38575 201 201 37665 38374
8484 9191 38375 39286 201 201 38375 39085
9191 9901 39086 39999 201 0 39086 39999
15
elemin, elemax, nodemin, nodemax, nedgenode_l, nedgenode_r, NodeIteratorMin, NodeIteratorMax
0 660 0 863 0 201 0 662
660 1320 663 1526 201 201 663 1325
1320 1980 1326 2189 201 201 1326 1988
1980 2640 1989 2853 201 201 1989 2652
2640 3300 2653 3516 201 201 2653 3315
3300 3960 3316 4179 201 201 3316 3978
3960 4620 3979 4843 201 201 3979 4642
4620 5280 4643 5506 201 201 4643 5305
5280 5940 5306 6169 201 201 5306 5968
5940 6600 5969 6833 201 201 5969 6632
6600 7260 6633 7496 201 201 6633 7295
7260 7920 7296 8159 201 201 7296 7958
7920 8580 7959 8823 201 201 7959 8622
8580 9240 8623 9486 201 201 8623 9285
9240 9900 9286 10149 201 0 9286 10149
15
elemin, elemax, nodemin, nodemax, nedgenode_l, nedgenode_r, NodeIteratorMin, NodeIteratorMax
0 660 29849 30712 0 201 29849 30511
660 1320 30512 31375 201 201 30512 31174
1320 1980 31175 32039 201 201 31175 31838
1980 2640 31839 32702 201 201 31839 32501
2640 3300 32502 33365 201 201 32502 33164
3300 3960 33165 34029 201 201 33165 33828
3960 4620 33829 34692 201 201 33829 34491
4620 5280 34492 35355 201 201 34492 35154
5280 5940 35155 36019 201 201 35155 35818
5940 6600 35819 36682 201 201 35819 36481
6600 7260 36482 37345 201 201 36482 37144
7260 7920 37145 38009 201 201 37145 37808
7920 8580 37809 38672 201 201 37809 38471
8580 9240 38472 39335 201 201 38472 39134
9240 9901 39135 39999 201 0 39135 39999
16
elemin, elemax, nodemin, nodemax, nedgenode_l, nedgenode_r, NodeIteratorMin, NodeIteratorMax
0 618 0 821 0 201 0 620
618 1236 621 1442 201 201 621 1241
1236 1854 1242 2063 201 201 1242 1862
1854 2472 1863 2684 201 201 1863 2483
2472 3090 2484 3305 201 201 2484 3104
3090 3708 3105 3926 201 201 3105 3725
3708 4326 3726 4547 201 201 3726 4346
4326 4944 4347 5168 201 201 4347 4967
4944 5562 4968 5789 201 201 4968 5588
5562 6180 5589 6411 201 201 5589 6210
6180 6798 6211 7032 201 201 6211 6831
6798 7416 6832 7653 201 201 6832 7452
7416 8034 7453 8274 201 201 7453 8073
8034 8652 8074 8895 201 201 8074 8694
8652 9270 8695 9516 201 201 8695 9315
9270 9900 9316 10149 201 0 9316 10149
16
elemin, elemax, nodemin, nodemax, nedgenode_l, nedgenode_r, NodeIteratorMin, NodeIteratorMax
0 618 29849 30670 0 201 29849 30469
618 1236 30470 31291 201 201 30470 31090
1236 1854 31091 31912 201 201 31091 31711
1854 2472 31712 32533 201 201 31712 32332
2472 3090 32333 33154 201 201 32333 32953
3090 3708 32954 33775 201 201 32954 33574
3708 4326 33575 34396 201 201 33575 34195
4326 4944 34196 35018 201 201 34196 34817
4944 5562 34818 35639 201 201 34818 35438
5562 6180 35439 36260 201 201 35439 36059
6180 6798 36060 36881 201 201 36060 36680
6798 7416 36681 37502 201 201 36681 37301
7416 8034 37302 38123 201 201 37302 37922
8034 8652 37923 38744 201 201 37923 38543
8652 9270 38544 39365 201 201 38544 39164
9270 9901 39165 39999 201 0 39165 39999
