0	1.02515e-10 3.64777e-05 1 7.46989e-10 
1	-1.18263e-11 0.000102851 0.682406 6.05096e-10 
2	-1.34089e-10 0.000132643 0.260049 4.18362e-10 
3	2.68205e-10 0.000166252 0.197268 9.76522e-10 
4	-8.5205e-10 0.000153931 0.124149 -7.07802e-10 
5	5.65401e-10 0.000181552 0.0999336 1.32289e-09 
6	-8.49791e-10 0.000209737 0.0844485 -6.24446e-10 
7	1.31801e-10 0.000233485 0.0708759 7.85583e-10 
8	-2.95288e-10 0.000261766 0.0618158 2.29477e-10 
9	-2.64908e-10 0.000284442 0.0564604 2.93303e-10 
10	-1.49438e-10 0.000282237 0.051475 4.16762e-10 
11	-2.66257e-10 0.000300392 0.0447722 2.8061e-10 
12	-6.75459e-11 0.000298374 0.0384207 5.34531e-10 
13	-2.58478e-10 0.00031746 0.0344457 2.96373e-10 
14	-1.17349e-10 0.000323954 0.0323997 4.8168e-10 
15	-1.70066e-10 0.000314147 0.0283409 3.64776e-10 
16	-1.43964e-10 0.00031131 0.0248177 3.78253e-10 
17	-6.95983e-11 0.000304651 0.0230446 4.42769e-10 
18	-1.93118e-10 0.000282446 0.0223121 1.91667e-10 
19	-1.48439e-10 0.000287168 0.0219795 2.42615e-10 
20	-6.19313e-11 0.000291666 0.0224369 3.47213e-10 
21	-1.61781e-10 0.000276526 0.0209446 1.63399e-10 
22	-1.85366e-10 0.000321189 0.0207845 2.05125e-10 
23	-2.01626e-10 0.000284308 0.0188228 1.01664e-10 
24	-2.64755e-10 0.00033945 0.0178267 1.1136e-10 
25	-2.0731e-10 0.000295818 0.0165783 9.66056e-11 
26	-2.45807e-10 0.000343273 0.015972 1.21754e-10 
27	-2.28837e-10 0.000307893 0.0152208 6.85154e-11 
28	-2.81504e-10 0.000334387 0.0145002 3.48348e-11 
29	-2.38102e-10 0.000328928 0.0144403 7.35714e-11 
30	-2.83048e-10 0.000332353 0.0136323 7.3197e-12 
31	-2.64316e-10 0.0003465 0.0137295 4.64466e-11 
32	-2.92391e-10 0.000342349 0.0129585 -8.56204e-12 
33	-3.04619e-10 0.000354668 0.0127802 -1.40858e-11 
34	-3.00347e-10 0.000359095 0.0126174 -1.14281e-11 
35	-3.33383e-10 0.00036456 0.012107 -5.67443e-11 
36	-3.09466e-10 0.00037381 0.0121843 -1.81728e-11 
37	-3.34441e-10 0.000377394 0.0116767 -5.53593e-11 
38	-3.14436e-10 0.000386772 0.0116934 -2.14929e-11 
39	-3.24529e-10 0.000390433 0.0112666 -3.75271e-11 
40	-3.15878e-10 0.000397731 0.0111024 -2.18027e-11 
41	-3.17931e-10 0.000401805 0.0107301 -2.61451e-11 
42	-3.0541e-10 0.000408695 0.0105571 -5.92471e-12 
43	-3.14207e-10 0.000410225 0.00999562 -2.19381e-11 
44	-3.07789e-10 0.000415181 0.00972757 -1.26615e-11 
45	-3.11754e-10 0.000416409 0.00920913 -2.25026e-11 
46	-3.1327e-10 0.000420035 0.00890138 -2.59209e-11 
47	-3.12027e-10 0.000420174 0.00835943 -2.914e-11 
48	-3.15865e-10 0.000422297 0.00798927 -3.77183e-11 
49	-3.13585e-10 0.00042555 0.00781332 -3.68251e-11 
50	-3.22547e-10 0.000425228 0.00726806 -5.47304e-11 
51	-3.15058e-10 0.000428492 0.00711969 -4.62654e-11 
52	-3.27676e-10 0.000426498 0.00654839 -7.0753e-11 
53	-3.22885e-10 0.000428469 0.00633111 -6.64926e-11 
54	-3.37142e-10 0.000431124 0.00630284 -8.95077e-11 
55	-3.4133e-10 0.000434115 0.00606785 -9.61147e-11 
56	-3.47243e-10 0.000431463 0.00562048 -1.11522e-10 
57	-3.47642e-10 0.000435282 0.00553061 -1.12063e-10 
58	-3.62709e-10 0.00043389 0.00528977 -1.39234e-10 
59	-3.55974e-10 0.000438428 0.00522676 -1.28511e-10 
60	-3.90122e-10 0.000436124 0.00494459 -1.83187e-10 
61	-3.5288e-10 0.00044141 0.00497324 -1.2837e-10 
62	-3.8179e-10 0.000436711 0.004515 -1.77776e-10 
63	-3.62166e-10 0.000444424 0.00481255 -1.44831e-10 
64	-3.67641e-10 0.000440312 0.00438846 -1.611e-10 
65	-4.03549e-10 0.000446056 0.00451969 -2.07051e-10 
66	-3.46352e-10 0.000442815 0.00423395 -1.3467e-10 
67	-4.34379e-10 0.000446252 0.00414904 -2.55578e-10 
68	-3.57798e-10 0.000447404 0.00432055 -1.51961e-10 
69	-4.28617e-10 0.000448181 0.00396097 -2.50937e-10 
70	-4.09765e-10 0.000450813 0.00426459 -2.26297e-10 
71	-3.8359e-10 0.000447899 0.00362808 -1.92569e-10 
72	-4.38283e-10 0.000451341 0.00403087 -2.69984e-10 
73	-3.38528e-10 0.000450924 0.00367906 -1.31103e-10 
74	-4.52915e-10 0.000454981 0.00399571 -2.91345e-10 
75	-3.9024e-10 0.000451609 0.00349631 -2.06721e-10 
76	-3.93693e-10 0.000456872 0.00387236 -2.10514e-10 
77	-4.68603e-10 0.000451089 0.00329823 -3.20742e-10 
78	-3.60609e-10 0.000457998 0.0037167 -1.66464e-10 
79	-4.97077e-10 0.000448696 0.00298955 -3.66534e-10 
80	-3.46888e-10 0.000459877 0.00369978 -1.48499e-10 
81	-4.71828e-10 0.000452142 0.00317432 -3.32217e-10 
82	-3.74811e-10 0.000461814 0.00356493 -1.88217e-10 
83	-3.74289e-10 0.000451863 0.00304636 -1.98978e-10 
84	-3.98951e-10 0.000466356 0.00366314 -2.2063e-10 
85	-3.45319e-10 0.000456018 0.00324333 -1.58041e-10 
86	-4.55578e-10 0.000466603 0.00333607 -3.01537e-10 
87	-3.13736e-10 0.000457656 0.00330068 -1.15497e-10 
88	-3.94457e-10 0.000466656 0.00309302 -2.18093e-10 
89	-3.5313e-10 0.00045848 0.00333211 -1.73374e-10 
90	-3.36168e-10 0.000469463 0.00312137 -1.36043e-10 
91	-4.01774e-10 0.000457713 0.00318604 -2.4509e-10 
92	-3.0641e-10 0.000469902 0.00299534 -9.54009e-11 
93	-3.65109e-10 0.000459077 0.0031977 -1.95817e-10 
94	-3.91723e-10 0.000467893 0.00274084 -2.18245e-10 
95	-2.92796e-10 0.000460331 0.00321528 -9.64157e-11 
96	-3.91207e-10 0.000472064 0.00298058 -2.16332e-10 
97	-2.76317e-10 0.000459898 0.00294475 -7.54912e-11 
98	-4.03803e-10 0.000467491 0.00262646 -2.39936e-10 
99	-2.96876e-10 0.000459724 0.00281531 -1.06679e-10 
100	-3.6659e-10 0.000465338 0.00259436 -1.92392e-10 
101	-3.03915e-10 0.000462602 0.00285989 -1.15858e-10 
102	-3.32957e-10 0.000465967 0.00273982 -1.46589e-10 
103	-3.3496e-10 0.000463227 0.00264655 -1.59393e-10 
104	-3.52367e-10 0.000460868 0.00248957 -1.7976e-10 
105	-3.41869e-10 0.000464659 0.00259871 -1.69027e-10 
106	-2.47229e-10 0.000462486 0.00280044 -3.40493e-11 
107	-3.57458e-10 0.000467862 0.00254059 -1.88389e-10 
108	-1.94936e-10 0.000461069 0.00282539 3.55507e-11 
109	-3.62501e-10 0.000470805 0.00240829 -1.9245e-10 
110	-2.89686e-10 0.000454211 0.00251624 -1.05679e-10 
111	-3.3078e-10 0.000473919 0.00245209 -1.44763e-10 
112	-3.5392e-10 0.000454019 0.00262002 -1.98551e-10 
113	-2.13643e-10 0.000479626 0.00256045 2.50842e-11 
114	-3.20374e-10 0.000449661 0.00230942 -1.564e-10 
115	-2.05452e-10 0.000482134 0.0026231 3.90041e-11 
116	-4.3182e-10 0.000443211 0.00193814 -3.19733e-10 
117	-2.97316e-10 0.00047806 0.0024352 -9.33982e-11 
118	-5.1479e-10 0.000441516 0.00183508 -4.39662e-10 
119	-2.49473e-10 0.000478749 0.00254366 -2.65711e-11 
120	-6.18001e-10 0.000438798 0.001674 -5.87893e-10 
121	-2.20341e-10 0.000478101 0.00253897 1.34621e-11 
122	-5.49408e-10 0.000435094 0.00155434 -4.95019e-10 
123	-2.22036e-10 0.000475118 0.00241237 7.95675e-12 
124	-5.67079e-10 0.000434491 0.00153973 -5.21103e-10 
125	-2.66217e-10 0.000470789 0.00219601 -5.8445e-11 
126	-4.79125e-10 0.000433924 0.00158436 -3.98629e-10 
127	-3.94535e-10 0.000465093 0.00205182 -2.42859e-10 
128	-3.95697e-10 0.000435749 0.00171929 -2.8067e-10 
129	-4.83864e-10 0.000459528 0.00189196 -3.72857e-10 
130	-3.81168e-10 0.000437846 0.0018499 -2.58412e-10 
131	-5.7245e-10 0.000451397 0.00159395 -5.03777e-10 
132	-3.24363e-10 0.000438507 0.00193912 -1.77807e-10 
133	-5.56376e-10 0.00044342 0.00134128 -4.88889e-10 
134	-3.19029e-10 0.000438907 0.00204039 -1.69155e-10 
135	-5.57413e-10 0.000439249 0.00137857 -4.94779e-10 
136	-3.61512e-10 0.000439301 0.00205667 -2.27189e-10 
137	-4.89689e-10 0.000435932 0.0013794 -4.03076e-10 
138	-3.71208e-10 0.00043893 0.0020428 -2.39642e-10 
139	-4.57871e-10 0.000436071 0.00157885 -3.58483e-10 
140	-4.21203e-10 0.000439784 0.00204668 -3.07457e-10 
141	-4.3069e-10 0.000435384 0.00159883 -3.20605e-10 
142	-4.19428e-10 0.000439742 0.00199735 -3.03298e-10 
143	-4.26328e-10 0.000435754 0.00165626 -3.13924e-10 
144	-4.41775e-10 0.000440429 0.00198212 -3.33068e-10 
145	-4.4106e-10 0.00043522 0.00166952 -3.34424e-10 
146	-4.59247e-10 0.000440625 0.00199404 -3.56048e-10 
147	-4.22564e-10 0.000434213 0.00163273 -3.08839e-10 
148	-4.45661e-10 0.000439942 0.00197716 -3.36551e-10 
149	-4.56447e-10 0.000433093 0.00163174 -3.5656e-10 
150	-4.523e-10 0.00043891 0.00190786 -3.46483e-10 
151	-4.59493e-10 0.000432595 0.00161765 -3.61397e-10 
152	-4.4259e-10 0.000438242 0.00190618 -3.3334e-10 
153	-5.0895e-10 0.000431882 0.00158783 -4.31265e-10 
154	-4.57046e-10 0.000437568 0.0018755 -3.54416e-10 
155	-5.27624e-10 0.000431499 0.00155871 -4.57566e-10 
156	-4.55594e-10 0.000436187 0.00182049 -3.53292e-10 
157	-5.43746e-10 0.000430714 0.00150622 -4.80267e-10 
158	-4.41995e-10 0.000434223 0.00175916 -3.35624e-10 
159	-5.67527e-10 0.000429711 0.00144133 -5.14109e-10 
160	-4.32034e-10 0.000431877 0.00170634 -3.23713e-10 
161	-5.52404e-10 0.000429332 0.0013977 -4.93147e-10 
162	-4.17588e-10 0.00043025 0.00166037 -3.05225e-10 
163	-5.38778e-10 0.000428132 0.00130027 -4.74894e-10 
164	-4.19658e-10 0.00042761 0.00156664 -3.10698e-10 
165	-4.66222e-10 0.000427042 0.00123133 -3.74517e-10 
166	-3.77741e-10 0.000424687 0.00145656 -2.54969e-10 
167	-4.37947e-10 0.000424884 0.00113073 -3.37138e-10 
168	-3.8261e-10 0.000421667 0.00138484 -2.6428e-10 
169	-3.94236e-10 0.000422608 0.0010911 -2.77761e-10 
170	-3.62861e-10 0.000418487 0.0013125 -2.38859e-10 
171	-3.52313e-10 0.000420255 0.00107066 -2.20823e-10 
172	-3.42725e-10 0.000415829 0.00125804 -2.1179e-10 
173	-3.37441e-10 0.000418032 0.0010231 -2.01325e-10 
174	-3.61715e-10 0.000413963 0.00119181 -2.39158e-10 
175	-3.14768e-10 0.000415974 0.00100286 -1.70301e-10 
176	-3.64309e-10 0.000412761 0.00112092 -2.43435e-10 
177	-3.00003e-10 0.00041422 0.000978818 -1.50401e-10 
178	-3.16338e-10 0.000410716 0.00110166 -1.76366e-10 
179	-2.92235e-10 0.000412269 0.000972258 -1.39632e-10 
180	-3.29236e-10 0.000409234 0.00106231 -1.94552e-10 
181	-2.81123e-10 0.000410519 0.000955552 -1.2461e-10 
182	-3.00527e-10 0.000407544 0.00102507 -1.54885e-10 
183	-2.7327e-10 0.000408769 0.000940463 -1.14229e-10 
184	-3.00691e-10 0.000406035 0.000983841 -1.5512e-10 
185	-2.67813e-10 0.000407387 0.000902502 -1.06922e-10 
186	-2.99436e-10 0.000404881 0.000947955 -1.53562e-10 
187	-2.54435e-10 0.000406002 0.000878549 -8.85743e-11 
188	-2.52057e-10 0.000403463 0.000927531 -8.76694e-11 
189	-2.50462e-10 0.000404586 0.000862767 -8.41334e-11 
190	-2.59058e-10 0.000402173 0.000904427 -9.85995e-11 
191	-2.39469e-10 0.000403083 0.000851307 -6.96319e-11 
192	-2.48697e-10 0.000400965 0.000883262 -8.42657e-11 
193	-2.38213e-10 0.000401546 0.000836383 -6.84635e-11 
194	-2.55094e-10 0.000399756 0.000875475 -9.36461e-11 
195	-2.30254e-10 0.000399816 0.000832362 -5.85261e-11 
196	-2.32003e-10 0.000398571 0.000867387 -6.23579e-11 
197	-2.27468e-10 0.00039861 0.000830387 -5.57646e-11 
198	-2.35376e-10 0.000397252 0.000861225 -6.80934e-11 
199	-2.27704e-10 0.000396772 0.000835269 -5.73753e-11 
200	-2.26764e-10 0.000395905 0.000859022 -5.68668e-11 
201	-2.23592e-10 0.000395141 0.000846569 -5.26172e-11 
202	-2.3561e-10 0.000394547 0.000864314 -6.96555e-11 
203	-2.12692e-10 0.000393559 0.000852465 -3.79687e-11 
204	-2.05083e-10 0.000393536 0.000857646 -2.75141e-11 
205	-1.9693e-10 0.00039273 0.000841937 -1.68242e-11 
206	-2.24164e-10 0.000392159 0.000858359 -5.50664e-11 
207	-2.13258e-10 0.000391355 0.00085835 -4.04551e-11 
208	-1.90173e-10 0.000391059 0.00085556 -8.40616e-12 
209	-1.91674e-10 0.000389657 0.000867637 -1.09942e-11 
210	-2.0964e-10 0.000389556 0.000870688 -3.60726e-11 
211	-2.03925e-10 0.000388785 0.000868092 -2.85642e-11 
212	-1.80874e-10 0.000388503 0.000865321 3.54761e-12 
213	-1.76834e-10 0.00038767 0.000871609 8.58313e-12 
214	-1.95841e-10 0.000386997 0.000871134 -1.8358e-11 
215	-1.95627e-10 0.000386351 0.000886182 -1.82865e-11 
216	-1.86701e-10 0.000385236 0.000893822 -5.91072e-12 
217	-1.80384e-10 0.000384995 0.000901975 2.96452e-12 
218	-1.85115e-10 0.000384067 0.000907062 -3.7168e-12 
219	-1.9538e-10 0.000383638 0.000907858 -1.80737e-11 
220	-1.80597e-10 0.0003828 0.000920074 2.56217e-12 
221	-1.73124e-10 0.000381738 0.000946757 1.30764e-11 
222	-1.73958e-10 0.000381375 0.000934523 1.11091e-11 
223	-1.84306e-10 0.000380019 0.00095054 -3.92897e-12 
224	-1.76106e-10 0.000379461 0.000958938 6.95088e-12 
225	-1.71797e-10 0.000378965 0.000969652 1.26545e-11 
226	-1.60897e-10 0.000377774 0.000985693 2.73275e-11 
227	-1.66363e-10 0.00037749 0.000992083 1.93228e-11 
228	-1.6473e-10 0.000376781 0.0010093 2.15132e-11 
229	-1.5832e-10 0.00037539 0.00102793 3.05116e-11 
230	-1.60498e-10 0.000375456 0.00103831 2.76119e-11 
231	-1.56964e-10 0.000374209 0.00103926 3.22877e-11 
232	-1.57801e-10 0.000373554 0.00106301 3.11762e-11 
233	-1.59199e-10 0.000371872 0.00110045 2.93603e-11 
234	-1.40845e-10 0.000372152 0.00108115 5.45697e-11 
235	-1.66497e-10 0.000371276 0.00110225 1.85381e-11 
236	-1.54066e-10 0.000370025 0.00110744 3.52969e-11 
237	-1.44643e-10 0.000369581 0.00111523 4.79896e-11 
238	-1.52095e-10 0.000368865 0.00112218 3.72999e-11 
239	-1.47015e-10 0.000368076 0.00113408 4.40898e-11 
240	-1.56895e-10 0.000367481 0.00114367 3.01033e-11 
241	-1.42477e-10 0.000366611 0.00114181 4.98532e-11 
242	-1.50127e-10 0.000365892 0.0011573 3.90414e-11 
243	-1.37739e-10 0.000365164 0.00117266 5.64691e-11 
244	-1.5333e-10 0.000364396 0.0011596 3.4043e-11 
245	-1.57567e-10 0.000363862 0.00116087 2.77427e-11 
246	-1.4761e-10 0.000362812 0.00116314 4.12828e-11 
247	-1.4717e-10 0.000362231 0.00117369 4.18403e-11 
248	-1.5038e-10 0.000361537 0.0011666 3.691e-11 
249	-1.69815e-10 0.000360951 0.00117041 9.61098e-12 
250	-1.52053e-10 0.000360292 0.00117419 3.42533e-11 
251	-1.47255e-10 0.000359649 0.0011679 4.0721e-11 
252	-1.58283e-10 0.00035889 0.00117556 2.50933e-11 
253	-1.66806e-10 0.000358208 0.00116399 1.26432e-11 
254	-1.52946e-10 0.000357452 0.00117327 3.1783e-11 
255	-1.45423e-10 0.000356675 0.00116771 4.18661e-11 
256	-1.58841e-10 0.000356173 0.00116876 2.27367e-11 
257	-1.66005e-10 0.000355384 0.00116377 1.21543e-11 
258	-1.54286e-10 0.000354639 0.0011657 2.82057e-11 
259	-1.51019e-10 0.000353984 0.00116794 3.23777e-11 
260	-1.55269e-10 0.000353415 0.0011568 2.6058e-11 
261	-1.65055e-10 0.000352749 0.00116684 1.2027e-11 
262	-1.56945e-10 0.000352046 0.00115931 2.29208e-11 
263	-1.58824e-10 0.00035121 0.00116599 1.98004e-11 
264	-1.57537e-10 0.000350771 0.00115999 2.13527e-11 
265	-1.62783e-10 0.000349883 0.00116002 1.34699e-11 
266	-1.71198e-10 0.000349268 0.00116549 1.57518e-12 
267	-1.64313e-10 0.000348635 0.00115901 1.06422e-11 
268	-1.6627e-10 0.000348118 0.00115985 7.74492e-12 
269	-1.7124e-10 0.000346956 0.00115462 3.41283e-13 
270	-1.74767e-10 0.000346589 0.00114709 -4.96103e-12 
271	-1.67817e-10 0.000345899 0.00114984 4.53504e-12 
272	-1.69644e-10 0.000345287 0.00114545 1.73128e-12 
273	-1.70463e-10 0.000344783 0.00114483 2.11164e-13 
274	-1.77511e-10 0.000344102 0.00114163 -1.00298e-11 
275	-1.77404e-10 0.000343371 0.00114312 -1.02072e-11 
276	-1.74288e-10 0.000342937 0.00114392 -6.07103e-12 
277	-1.69012e-10 0.000342317 0.00114179 1.02163e-12 
278	-1.94823e-10 0.000341823 0.00113283 -3.53804e-11 
279	-1.85423e-10 0.000340996 0.00113627 -2.25662e-11 
280	-1.90465e-10 0.000340461 0.00113194 -2.98637e-11 
281	-1.92887e-10 0.000339678 0.00113645 -3.36052e-11 
282	-1.91536e-10 0.000338772 0.00111723 -3.19712e-11 
283	-2.10007e-10 0.000338327 0.00112676 -5.82256e-11 
284	-1.96399e-10 0.000337849 0.00111444 -3.92392e-11 
285	-1.94827e-10 0.000337056 0.00111774 -3.76903e-11 
286	-2.01398e-10 0.000336842 0.00110913 -4.69768e-11 
287	-2.10529e-10 0.000335653 0.00110833 -6.06208e-11 
288	-2.05311e-10 0.000335482 0.00110813 -5.31778e-11 
289	-2.05844e-10 0.00033446 0.00111135 -5.47113e-11 
290	-2.07215e-10 0.000334208 0.00109722 -5.66516e-11 
291	-2.0797e-10 0.000332911 0.00108834 -5.86636e-11 
292	-2.27946e-10 0.00033269 0.00108026 -8.64312e-11 
293	-2.19404e-10 0.000331747 0.00109007 -7.53332e-11 
294	-2.10982e-10 0.000331353 0.00108379 -6.3524e-11 
295	-2.26558e-10 0.000330142 0.00107927 -8.62006e-11 
296	-2.17659e-10 0.000329592 0.0010752 -7.38176e-11 
297	-2.2491e-10 0.000328428 0.0010734 -8.46284e-11 
298	-2.19186e-10 0.000328162 0.00109121 -7.66344e-11 
299	-2.38994e-10 0.000327105 0.00106761 -1.05055e-10 
300	-2.33385e-10 0.000326424 0.00108093 -9.73918e-11 
301	-2.34547e-10 0.000324492 0.00103322 -1.00022e-10 
302	-2.43153e-10 0.000324718 0.00109734 -1.11781e-10 
303	-2.30982e-10 0.000324133 0.00105715 -9.53518e-11 
304	-2.41248e-10 0.000324033 0.00110714 -1.09557e-10 
305	-2.40784e-10 0.00032334 0.00108679 -1.09434e-10 
306	-2.43497e-10 0.000322776 0.0011065 -1.13631e-10 
307	-2.36201e-10 0.000321082 0.0010109 -1.05264e-10 
308	-2.34034e-10 0.000321808 0.00112123 -1.02135e-10 
309	-2.45196e-10 0.000321167 0.00110188 -1.18245e-10 
310	-2.32112e-10 0.000320683 0.00111398 -1.00763e-10 
311	-2.30066e-10 0.000320527 0.00109865 -9.77356e-11 
312	-2.22825e-10 0.00032 0.00114453 -8.78018e-11 
313	-2.50203e-10 0.000320706 0.00116091 -1.24392e-10 
314	-2.25613e-10 0.000319519 0.00115636 -9.02043e-11 
315	-2.31099e-10 0.000319564 0.00114344 -9.68087e-11 
316	-2.22745e-10 0.000318802 0.00117167 -8.57187e-11 
317	-2.54979e-10 0.000319629 0.00118223 -1.29523e-10 
318	-2.21859e-10 0.000318525 0.00118555 -8.42861e-11 
319	-2.37717e-10 0.000317615 0.00113445 -1.06391e-10 
320	-2.43577e-10 0.000317765 0.00119929 -1.14817e-10 
321	-2.26313e-10 0.000317489 0.00117409 -9.00588e-11 
322	-2.53357e-10 0.00031687 0.00114984 -1.28751e-10 
323	-2.45375e-10 0.000316011 0.00111679 -1.17877e-10 
324	-2.49026e-10 0.000316321 0.00116762 -1.23031e-10 
325	-2.19434e-10 0.000315829 0.0011461 -8.18944e-11 
326	-2.29298e-10 0.000314171 0.00109166 -9.68744e-11 
327	-2.5591e-10 0.000314646 0.00112272 -1.34121e-10 
328	-2.4943e-10 0.000314019 0.00111034 -1.25539e-10 
329	-2.37344e-10 0.000313709 0.00110282 -1.0904e-10 
330	-2.55274e-10 0.000312365 0.00105489 -1.35044e-10 
331	-2.57583e-10 0.000312034 0.00106451 -1.38999e-10 
332	-2.43486e-10 0.000311524 0.00105507 -1.19906e-10 
333	-2.44196e-10 0.000310701 0.00104114 -1.21775e-10 
334	-2.83463e-10 0.000310665 0.0010584 -1.76711e-10 
335	-2.72446e-10 0.000310678 0.00107491 -1.61704e-10 
336	-2.77907e-10 0.000310002 0.00103299 -1.6977e-10 
337	-2.82907e-10 0.000309773 0.00105929 -1.77043e-10 
338	-2.89422e-10 0.000309605 0.00105639 -1.86194e-10 
339	-3.01687e-10 0.000309196 0.00106302 -2.03606e-10 
340	-2.876e-10 0.000308507 0.00102662 -1.84518e-10 
341	-2.98255e-10 0.000308178 0.00103767 -1.99797e-10 
342	-3.02541e-10 0.000307667 0.00104506 -2.06037e-10 
343	-3.31843e-10 0.000307644 0.00103874 -2.47196e-10 
344	-3.18555e-10 0.000306271 0.00100199 -2.29827e-10 
345	-3.02261e-10 0.000306334 0.00103439 -2.06731e-10 
346	-3.08761e-10 0.000304906 0.000981312 -2.17474e-10 
347	-3.40976e-10 0.000305704 0.00102748 -2.6189e-10 
348	-3.12732e-10 0.000304465 0.00101775 -2.23389e-10 
349	-3.17138e-10 0.000304636 0.00101243 -2.29126e-10 
350	-3.12621e-10 0.000303247 0.000988662 -2.24206e-10 
351	-3.28167e-10 0.000303278 0.000988561 -2.45389e-10 
352	-2.89257e-10 0.000301418 0.000964556 -1.92767e-10 
353	-3.03924e-10 0.000301468 0.000967533 -2.12532e-10 
354	-2.95232e-10 0.000300464 0.000961982 -2.01407e-10 
355	-3.07116e-10 0.000299642 0.00091179 -2.18183e-10 
356	-2.70306e-10 0.000297815 0.000918086 -1.67985e-10 
357	-2.93572e-10 0.000298746 0.000945862 -1.9941e-10 
358	-3.01915e-10 0.000297035 0.000914952 -2.12816e-10 
359	-3.03036e-10 0.00029684 0.00088639 -2.14258e-10 
360	-2.75566e-10 0.000295698 0.000917662 -1.76616e-10 
361	-3.00522e-10 0.000295713 0.000900702 -2.11977e-10 
362	-2.85998e-10 0.000293771 0.000861662 -1.93087e-10 
363	-2.84958e-10 0.000293919 0.00089227 -1.91226e-10 
364	-2.95083e-10 0.000292975 0.000888464 -2.06062e-10 
365	-2.94571e-10 0.000292414 0.000871076 -2.0508e-10 
366	-2.95382e-10 0.000291016 0.000842527 -2.07589e-10 
367	-2.74148e-10 0.000290784 0.000893916 -1.77599e-10 
368	-2.88052e-10 0.000290591 0.00087151 -1.96336e-10 
369	-2.9274e-10 0.000290096 0.000881952 -2.03144e-10 
370	-3.14111e-10 0.000289988 0.000901104 -2.32684e-10 
371	-2.79497e-10 0.000288758 0.000869577 -1.85045e-10 
372	-2.94457e-10 0.000288331 0.000856831 -2.05198e-10 
373	-2.88214e-10 0.000288138 0.000909081 -1.9575e-10 
374	-2.9703e-10 0.000287787 0.000862554 -2.08972e-10 
375	-2.88207e-10 0.000287468 0.000921872 -1.96956e-10 
376	-3.02821e-10 0.000287287 0.000889472 -2.16196e-10 
377	-2.77338e-10 0.000286013 0.000873279 -1.79506e-10 
378	-3.05551e-10 0.000286261 0.000872566 -2.19516e-10 
379	-2.85503e-10 0.00028576 0.000938234 -1.91451e-10 
380	-3.02153e-10 0.000284891 0.000847007 -2.13797e-10 
381	-2.74653e-10 0.000284084 0.000882859 -1.75799e-10 
382	-3.04093e-10 0.000284416 0.000893975 -2.17841e-10 
383	-2.85555e-10 0.000283819 0.000928031 -1.90943e-10 
384	-2.99796e-10 0.000283089 0.000856569 -2.10009e-10 
385	-2.77978e-10 0.000282666 0.000900528 -1.80923e-10 
386	-3.11047e-10 0.000283163 0.000889759 -2.25498e-10 
387	-2.78962e-10 0.000281601 0.0008948 -1.81602e-10 
388	-2.81161e-10 0.000281865 0.00086859 -1.82466e-10 
389	-2.79157e-10 0.000280712 0.000867501 -1.81079e-10 
390	-3.06466e-10 0.000281212 0.000866173 -2.20373e-10 
391	-2.67419e-10 0.000279515 0.000855248 -1.65908e-10 
392	-2.80132e-10 0.000280099 0.000871703 -1.80559e-10 
393	-2.82968e-10 0.000278585 0.000836609 -1.854e-10 
394	-2.95382e-10 0.000279189 0.000865583 -2.03075e-10 
395	-2.69432e-10 0.000277101 0.000809677 -1.69701e-10 
396	-2.91477e-10 0.000277165 0.000836041 -1.97322e-10 
397	-2.8399e-10 0.000276835 0.000844077 -1.87013e-10 
398	-2.96191e-10 0.00027584 0.000797065 -2.04532e-10 
399	-2.8237e-10 0.000275275 0.00081205 -1.85871e-10 
400	-2.94806e-10 0.000274946 0.000828268 -2.02078e-10 
401	-2.79082e-10 0.000273739 0.000778689 -1.80694e-10 
402	-2.88024e-10 0.000273418 0.000789635 -1.92463e-10 
403	-2.93306e-10 0.000274525 0.000865834 -1.98511e-10 
404	-2.88082e-10 0.000272975 0.000816895 -1.91837e-10 
405	-2.94597e-10 0.000272414 0.000781555 -2.00803e-10 
406	-2.86965e-10 0.000272444 0.000831517 -1.88782e-10 
407	-3.10415e-10 0.000273014 0.000836489 -2.21928e-10 
408	-2.89016e-10 0.000271281 0.000809679 -1.90948e-10 
409	-2.99218e-10 0.000271856 0.0008264 -2.04657e-10 
410	-2.90302e-10 0.000270932 0.000827266 -1.93176e-10 
411	-3.04236e-10 0.000272371 0.000854992 -2.13144e-10 
412	-2.94681e-10 0.000271253 0.000864886 -2.028e-10 
413	-3.04268e-10 0.000271122 0.000794573 -2.16965e-10 
414	-2.84873e-10 0.000269724 0.000794825 -1.92517e-10 
415	-2.95514e-10 0.000270095 0.000794027 -2.07309e-10 
416	-2.8411e-10 0.000269113 0.000805313 -1.92223e-10 
417	-3.15353e-10 0.000269754 0.00081383 -2.34259e-10 
418	-2.85194e-10 0.000268622 0.000813977 -1.92421e-10 
419	-3.14731e-10 0.000269169 0.000796825 -2.33027e-10 
420	-2.97361e-10 0.000268284 0.000830042 -2.0941e-10 
421	-3.20431e-10 0.000268463 0.000780179 -2.42493e-10 
422	-2.79789e-10 0.000266316 0.000744106 -1.88688e-10 
423	-3.34599e-10 0.000268465 0.000835509 -2.63651e-10 
424	-2.99221e-10 0.00026668 0.000791481 -2.16974e-10 
425	-3.35372e-10 0.000266889 0.000766922 -2.65921e-10 
426	-3.11291e-10 0.000265749 0.000763959 -2.34183e-10 
427	-3.33054e-10 0.000266779 0.000783642 -2.62921e-10 
428	-2.98616e-10 0.000264054 0.000722345 -2.1752e-10 
429	-3.26451e-10 0.00026445 0.000725908 -2.5639e-10 
430	-3.16453e-10 0.000264135 0.000770516 -2.43017e-10 
431	-3.20886e-10 0.000263602 0.000702956 -2.49735e-10 
432	-3.13231e-10 0.00026356 0.000770318 -2.39562e-10 
433	-3.32122e-10 0.000263191 0.000735007 -2.65685e-10 
434	-3.14041e-10 0.000262728 0.000756498 -2.41971e-10 
435	-3.26401e-10 0.000262159 0.000705453 -2.58928e-10 
436	-3.01963e-10 0.000262266 0.000763139 -2.25058e-10 
437	-3.10504e-10 0.000261198 0.000714059 -2.37615e-10 
438	-3.09088e-10 0.000261375 0.000745114 -2.35957e-10 
439	-3.07349e-10 0.000260414 0.000703237 -2.343e-10 
440	-2.92528e-10 0.000261301 0.000778731 -2.13038e-10 
441	-3.16963e-10 0.000260392 0.000755751 -2.47776e-10 
442	-3.06373e-10 0.000260679 0.000748189 -2.33275e-10 
443	-3.04927e-10 0.000259722 0.000765772 -2.3143e-10 
444	-2.8967e-10 0.000258522 0.00067106 -2.11065e-10 
445	-3.05941e-10 0.000258954 0.000770729 -2.32833e-10 
446	-3.15505e-10 0.000259572 0.00076443 -2.45316e-10 
447	-2.82906e-10 0.000258208 0.000756725 -2.00336e-10 
448	-3.23874e-10 0.000260215 0.000802188 -2.55674e-10 
449	-2.89994e-10 0.000257998 0.000748491 -2.10056e-10 
450	-3.18878e-10 0.000258729 0.000737613 -2.50326e-10 
451	-2.60707e-10 0.000255397 0.000644688 -1.72749e-10 
452	-3.15671e-10 0.000259109 0.000822872 -2.46342e-10 
453	-2.83437e-10 0.000256045 0.00071405 -2.04793e-10 
454	-3.03746e-10 0.000257271 0.000739652 -2.31619e-10 
455	-2.86491e-10 0.000255192 0.000689918 -2.09466e-10 
456	-3.11586e-10 0.000256613 0.000723147 -2.42254e-10 
457	-2.83899e-10 0.00025498 0.000725587 -2.05057e-10 
458	-2.9031e-10 0.000254263 0.000639726 -2.13998e-10 
459	-2.87374e-10 0.00025374 0.000706531 -2.10828e-10 
460	-2.95745e-10 0.000254051 0.000656442 -2.21671e-10 
461	-2.90722e-10 0.000254151 0.00076405 -2.14729e-10 
462	-3.15489e-10 0.000253595 0.000635975 -2.4933e-10 
463	-2.86125e-10 0.000252921 0.000706873 -2.09099e-10 
464	-3.12469e-10 0.000253328 0.000656327 -2.44966e-10 
465	-3.03712e-10 0.000252895 0.000738402 -2.33452e-10 
466	-3.38371e-10 0.000253313 0.000667378 -2.81138e-10 
467	-2.93961e-10 0.000251029 0.00061356 -2.22019e-10 
468	-3.19021e-10 0.000252138 0.000662791 -2.55586e-10 
469	-2.98191e-10 0.000250728 0.000661143 -2.28278e-10 
470	-3.3508e-10 0.000251548 0.000669081 -2.78631e-10 
471	-3.06313e-10 0.000249813 0.000599008 -2.41276e-10 
472	-3.06773e-10 0.000249417 0.000602664 -2.41672e-10 
473	-2.92635e-10 0.000248165 0.000577047 -2.23958e-10 
474	-3.2478e-10 0.00024907 0.00064375 -2.67464e-10 
475	-3.10054e-10 0.000248142 0.00059927 -2.48586e-10 
476	-3.08051e-10 0.000247522 0.000595515 -2.45515e-10 
477	-2.95924e-10 0.000246039 0.000530661 -2.30176e-10 
478	-3.11815e-10 0.000246656 0.000609837 -2.51163e-10 
479	-2.9719e-10 0.000246261 0.000575656 -2.31569e-10 
480	-3.10685e-10 0.000245743 0.000577342 -2.50248e-10 
481	-3.07411e-10 0.000245824 0.000590283 -2.45616e-10 
482	-3.00198e-10 0.000245197 0.000610798 -2.35343e-10 
483	-3.12263e-10 0.000245427 0.000578406 -2.52377e-10 
484	-2.91715e-10 0.000243311 0.000530159 -2.25027e-10 
485	-3.24711e-10 0.000246057 0.00067611 -2.68117e-10 
486	-2.90045e-10 0.000243458 0.000570788 -2.21641e-10 
487	-3.25429e-10 0.000244392 0.000588527 -2.69833e-10 
488	-2.94363e-10 0.000242791 0.000580935 -2.27559e-10 
489	-3.21979e-10 0.000244909 0.000664603 -2.63453e-10 
490	-2.98011e-10 0.000242507 0.000578192 -2.32502e-10 
491	-3.21218e-10 0.000243051 0.000574411 -2.64057e-10 
492	-2.94285e-10 0.000241816 0.000601446 -2.27129e-10 
493	-3.26545e-10 0.000243557 0.000636239 -2.69987e-10 
494	-2.97205e-10 0.000241677 0.000616204 -2.30244e-10 
495	-3.08146e-10 0.000241329 0.000547087 -2.4526e-10 
496	-2.89479e-10 0.000240511 0.00059118 -2.19647e-10 
497	-3.21545e-10 0.000242085 0.000611319 -2.62105e-10 
498	-2.85804e-10 0.000240337 0.000615167 -2.1347e-10 
499	-3.06732e-10 0.000238938 0.000485333 -2.43652e-10 
500	-2.90246e-10 0.000238515 0.000551361 -2.20605e-10 
501	-3.18582e-10 0.000240372 0.000610296 -2.57546e-10 
502	-2.93079e-10 0.000239483 0.000632582 -2.23511e-10 
503	-2.98844e-10 0.000237203 0.000456791 -2.34199e-10 
504	-2.89177e-10 0.000238585 0.000614434 -2.19561e-10 
505	-3.19241e-10 0.000239409 0.000596817 -2.58974e-10 
506	-2.90259e-10 0.000236735 0.000521102 -2.19422e-10 
507	-3.12541e-10 0.000236088 0.000449066 -2.50046e-10 
508	-2.9223e-10 0.000237423 0.000606786 -2.21346e-10 
509	-3.16144e-10 0.000238505 0.000616751 -2.54218e-10 
510	-2.95547e-10 0.00023689 0.000558364 -2.28302e-10 
511	-3.24877e-10 0.000236288 0.000507395 -2.70033e-10 
512	-3.02887e-10 0.000237463 0.000626619 -2.38324e-10 
513	-3.12574e-10 0.000236503 0.000554865 -2.51429e-10 
514	-3.02184e-10 0.000235402 0.000524856 -2.37608e-10 
515	-3.15872e-10 0.000234118 0.000456638 -2.57457e-10 
516	-3.17043e-10 0.000236717 0.00066066 -2.56898e-10 
517	-3.2487e-10 0.00023613 0.000591422 -2.68445e-10 
518	-3.1645e-10 0.000234381 0.000501944 -2.59625e-10 
519	-3.16443e-10 0.000232799 0.000452504 -2.61121e-10 
520	-3.22733e-10 0.000234363 0.000580484 -2.68529e-10 
521	-3.32573e-10 0.000233104 0.000520201 -2.82627e-10 
522	-3.26693e-10 0.000233464 0.000538111 -2.74121e-10 
523	-3.3446e-10 0.000232477 0.000516237 -2.85462e-10 
524	-3.18157e-10 0.000232564 0.000528914 -2.632e-10 
525	-3.38294e-10 0.000232115 0.000520484 -2.9192e-10 
526	-3.2286e-10 0.000232746 0.000568198 -2.7039e-10 
527	-3.41733e-10 0.000230806 0.000490133 -2.98546e-10 
528	-3.21825e-10 0.000229959 0.000457206 -2.72175e-10 
529	-3.5038e-10 0.000231806 0.000583973 -3.09926e-10 
530	-3.42038e-10 0.000231299 0.000542632 -2.98474e-10 
531	-3.15262e-10 0.000228244 0.000423773 -2.63865e-10 
532	-3.21635e-10 0.000227627 0.000419086 -2.73374e-10 
533	-3.55154e-10 0.000231326 0.00065407 -3.16389e-10 
534	-3.52714e-10 0.000229876 0.000525217 -3.14342e-10 
535	-3.18539e-10 0.000226066 0.000381886 -2.70622e-10 
536	-3.50095e-10 0.000228377 0.000522754 -3.12285e-10 
537	-3.55516e-10 0.00022989 0.000634093 -3.18281e-10 
538	-3.62716e-10 0.000228716 0.000516534 -3.29508e-10 
539	-3.45004e-10 0.000227016 0.000489742 -3.06328e-10 
540	-3.74438e-10 0.00022904 0.000606507 -3.44943e-10 
541	-3.5077e-10 0.000227591 0.000555745 -3.1317e-10 
542	-3.78234e-10 0.000227214 0.000502525 -3.51519e-10 
543	-3.496e-10 0.000225503 0.00048633 -3.13228e-10 
544	-3.84753e-10 0.000228324 0.000623594 -3.58891e-10 
545	-3.60869e-10 0.00022638 0.000550274 -3.27677e-10 
546	-3.76485e-10 0.00022552 0.00045525 -3.50108e-10 
547	-3.54407e-10 0.000225263 0.000547178 -3.19532e-10 
548	-3.82611e-10 0.000226206 0.000559307 -3.57316e-10 
549	-3.53715e-10 0.00022398 0.000492004 -3.19457e-10 
550	-3.78875e-10 0.000224854 0.000527718 -3.53184e-10 
551	-3.55104e-10 0.000223314 0.000510178 -3.21303e-10 
552	-3.81103e-10 0.000223535 0.000490234 -3.56693e-10 
553	-3.47716e-10 0.000222447 0.000521167 -3.11354e-10 
554	-4.04141e-10 0.000225397 0.000638339 -3.86331e-10 
555	-3.53185e-10 0.000221628 0.000485076 -3.19027e-10 
556	-3.78518e-10 0.000220884 0.000424933 -3.54399e-10 
557	-3.56539e-10 0.000221975 0.000575878 -3.22705e-10 
558	-3.80803e-10 0.000221915 0.00053843 -3.5593e-10 
559	-3.43919e-10 0.000219003 0.000430907 -3.07447e-10 
560	-3.86996e-10 0.000221634 0.000591209 -3.64307e-10 
561	-3.69426e-10 0.000221637 0.000614439 -3.3953e-10 
562	-3.87486e-10 0.000221116 0.00056342 -3.64481e-10 
563	-3.64264e-10 0.000218962 0.000456699 -3.34415e-10 
564	-3.83609e-10 0.000220794 0.000609211 -3.58757e-10 
565	-3.62649e-10 0.000219629 0.000526773 -3.30706e-10 
566	-3.58329e-10 0.000217691 0.000457023 -3.2612e-10 
567	-3.91746e-10 0.000219872 0.000601502 -3.70528e-10 
568	-3.68538e-10 0.000218603 0.000549467 -3.38703e-10 
569	-3.52925e-10 0.0002172 0.000455365 -3.18289e-10 
570	-3.14721e-10 0.000213869 0.000358321 -2.67757e-10 
571	-4.0567e-10 0.000219823 0.00068462 -3.88855e-10 
572	-3.56461e-10 0.00021657 0.00051104 -3.22989e-10 
573	-3.47819e-10 0.000215267 0.000422035 -3.12183e-10 
574	-3.51317e-10 0.00021642 0.000553618 -3.15936e-10 
575	-3.82744e-10 0.000217013 0.000536789 -3.58988e-10 
576	-3.55085e-10 0.000215151 0.000510534 -3.219e-10 
577	-3.59509e-10 0.000215756 0.000501043 -3.27374e-10 
578	-3.53521e-10 0.000216394 0.000615984 -3.18276e-10 
579	-3.63593e-10 0.000214913 0.000455251 -3.33434e-10 
580	-3.40106e-10 0.000212736 0.000427127 -3.03058e-10 
581	-3.68955e-10 0.000216057 0.000597414 -3.39488e-10 
582	-3.53866e-10 0.000214672 0.000562121 -3.19662e-10 
583	-3.38067e-10 0.000212795 0.000419678 -2.99338e-10 
584	-3.41639e-10 0.000213379 0.000539008 -3.03745e-10 
585	-3.69125e-10 0.000214527 0.000553525 -3.40582e-10 
586	-3.02052e-10 0.000209897 0.000362523 -2.51565e-10 
587	-3.4381e-10 0.000211673 0.000439725 -3.08001e-10 
588	-3.31883e-10 0.000212362 0.000560544 -2.90524e-10 
589	-3.50664e-10 0.000212382 0.000498557 -3.16443e-10 
590	-2.60729e-10 0.00020619 0.000245549 -1.97009e-10 
591	-3.40705e-10 0.000211066 0.000514156 -3.03591e-10 
592	-3.27921e-10 0.000211237 0.000544089 -2.8573e-10 
593	-3.13323e-10 0.000209273 0.000401275 -2.67119e-10 
594	-3.249e-10 0.000210215 0.000490202 -2.82503e-10 
595	-3.19477e-10 0.000209786 0.000483652 -2.74454e-10 
596	-3.20554e-10 0.000210085 0.000498542 -2.75857e-10 
597	-3.00367e-10 0.000207995 0.000382364 -2.49498e-10 
598	-3.11888e-10 0.000208962 0.000468694 -2.64633e-10 
599	-3.15107e-10 0.000208501 0.000453233 -2.68973e-10 
600	-3.04695e-10 0.000207208 0.000384074 -2.55849e-10 
601	-3.13307e-10 0.000208344 0.000491061 -2.66248e-10 
602	-3.23856e-10 0.000208403 0.000478028 -2.80652e-10 
603	-3.08317e-10 0.000207656 0.000454426 -2.59435e-10 
604	-2.86175e-10 0.000204521 0.000277818 -2.3178e-10 
605	-3.13645e-10 0.000207489 0.000518232 -2.66513e-10 
606	-3.26285e-10 0.000206723 0.000442973 -2.84677e-10 
607	-2.97384e-10 0.000205084 0.00036884 -2.46273e-10 
608	-3.2381e-10 0.000206835 0.000473638 -2.81074e-10 
609	-3.1294e-10 0.000206958 0.000523699 -2.65326e-10 
610	-3.32134e-10 0.00020736 0.000503818 -2.91384e-10 
611	-3.03695e-10 0.000206589 0.000477474 -2.52301e-10 
612	-3.27552e-10 0.000207055 0.000476131 -2.84757e-10 
613	-3.13476e-10 0.000206489 0.000484653 -2.65565e-10 
614	-3.19437e-10 0.000206718 0.000465702 -2.73623e-10 
615	-3.14969e-10 0.00020603 0.00047148 -2.67793e-10 
616	-3.23572e-10 0.000206214 0.000466347 -2.79447e-10 
617	-3.14608e-10 0.000206017 0.000505838 -2.67166e-10 
618	-3.13633e-10 0.000204837 0.000389163 -2.67216e-10 
619	-3.17353e-10 0.000205321 0.000492472 -2.71908e-10 
620	-3.19259e-10 0.00020519 0.0004586 -2.74622e-10 
621	-2.98974e-10 0.000203455 0.00038238 -2.48952e-10 
622	-3.28826e-10 0.000204471 0.000454502 -2.89367e-10 
623	-3.19225e-10 0.000204766 0.000508397 -2.76032e-10 
624	-3.15465e-10 0.000204414 0.000446358 -2.71319e-10 
625	-3.20174e-10 0.000204015 0.000457626 -2.78904e-10 
626	-3.28892e-10 0.000204182 0.000468974 -2.91109e-10 
627	-3.22642e-10 0.000204214 0.000490805 -2.82568e-10 
628	-3.06294e-10 0.000202153 0.000337046 -2.62016e-10 
629	-3.28022e-10 0.000202798 0.00044077 -2.91644e-10 
630	-3.13938e-10 0.000203101 0.000476608 -2.71787e-10 
631	-3.2399e-10 0.000202675 0.00044644 -2.85558e-10 
632	-3.20883e-10 0.000202352 0.000435119 -2.8114e-10 
633	-3.23109e-10 0.000201723 0.000428167 -2.84392e-10 
634	-3.13517e-10 0.000201795 0.000447178 -2.70636e-10 
635	-3.3715e-10 0.000201609 0.000440512 -3.03591e-10 
636	-3.27211e-10 0.000201742 0.000458707 -2.89855e-10 
637	-3.19316e-10 0.000201103 0.000442901 -2.79556e-10 
638	-3.32229e-10 0.00020094 0.000431657 -2.98241e-10 
639	-3.43033e-10 0.000200653 0.000429017 -3.13963e-10 
640	-3.213e-10 0.000201446 0.000509622 -2.83127e-10 
641	-3.25025e-10 0.000199815 0.000396292 -2.89947e-10 
642	-3.34931e-10 0.000199822 0.000430483 -3.03869e-10 
643	-3.42707e-10 0.000200456 0.00048928 -3.13694e-10 
644	-3.25884e-10 0.000199829 0.000455355 -2.90505e-10 
645	-3.3941e-10 0.000198491 0.000366261 -3.09532e-10 
646	-3.379e-10 0.000198719 0.00043909 -3.07488e-10 
647	-3.3486e-10 0.000199706 0.000516809 -3.01664e-10 
648	-3.26258e-10 0.000198019 0.000408064 -2.9097e-10 
649	-3.38111e-10 0.000197742 0.000378587 -3.07597e-10 
650	-3.40136e-10 0.000198347 0.000489108 -3.09793e-10 
651	-3.47666e-10 0.000199149 0.00052525 -3.19341e-10 
652	-3.40165e-10 0.000197756 0.000449226 -3.10351e-10 
653	-3.46404e-10 0.000197808 0.000444358 -3.18903e-10 
654	-3.42571e-10 0.000197694 0.000480657 -3.13645e-10 
655	-3.50117e-10 0.000197338 0.000431157 -3.24412e-10 
656	-3.38691e-10 0.000196606 0.000442144 -3.0853e-10 
657	-3.4921e-10 0.000196894 0.000452917 -3.22493e-10 
658	-3.4798e-10 0.000195532 0.000403563 -3.22215e-10 
659	-3.55691e-10 0.000196361 0.000448357 -3.31867e-10 
660	-3.68556e-10 0.000197099 0.000529257 -3.491e-10 
661	-3.47815e-10 0.000195965 0.000457579 -3.21458e-10 
662	-3.53567e-10 0.000194962 0.000395097 -3.30849e-10 
663	-3.60374e-10 0.000195808 0.000492428 -3.39355e-10 
664	-3.76312e-10 0.000196376 0.000556158 -3.60846e-10 
665	-3.40599e-10 0.000193212 0.000327858 -3.14284e-10 
666	-3.6516e-10 0.000194907 0.000494053 -3.4598e-10 
667	-3.72435e-10 0.000195356 0.000528097 -3.55246e-10 
668	-3.71432e-10 0.000195559 0.000578392 -3.53122e-10 
669	-3.63968e-10 0.000193921 0.000419324 -3.44139e-10 
670	-3.80158e-10 0.000193948 0.000472613 -3.66788e-10 
671	-3.72754e-10 0.000193849 0.00048413 -3.56703e-10 
672	-3.56024e-10 0.000193218 0.000486048 -3.34112e-10 
673	-3.69411e-10 0.000192854 0.00047361 -3.53013e-10 
674	-3.85804e-10 0.000193074 0.00050011 -3.75832e-10 
675	-3.68475e-10 0.000192517 0.000489776 -3.52192e-10 
676	-3.64179e-10 0.000190082 0.000325804 -3.4897e-10 
677	-3.78378e-10 0.000192238 0.000546656 -3.65531e-10 
678	-4.0124e-10 0.000192662 0.00053803 -3.96795e-10 
679	-3.76249e-10 0.000191116 0.0004653 -3.63576e-10 
680	-3.685e-10 0.000190879 0.000458139 -3.52516e-10 
681	-3.96466e-10 0.000191644 0.000566903 -3.90449e-10 
682	-3.72524e-10 0.000189993 0.00041766 -3.58947e-10 
683	-3.71167e-10 0.000189648 0.000454335 -3.57757e-10 
684	-3.78398e-10 0.000189414 0.000459241 -3.67817e-10 
685	-4.19064e-10 0.000191563 0.000634426 -4.21777e-10 
686	-3.84853e-10 0.000189636 0.000462072 -3.76006e-10 
687	-3.93492e-10 0.000189912 0.000507541 -3.87539e-10 
688	-3.58278e-10 0.000187388 0.000358999 -3.41286e-10 
689	-4.13212e-10 0.000189486 0.000553678 -4.14971e-10 
690	-3.93717e-10 0.000188913 0.000506284 -3.87916e-10 
691	-3.96186e-10 0.000188478 0.000489201 -3.91699e-10 
692	-4.03449e-10 0.000188919 0.000555575 -4.01316e-10 
693	-4.36414e-10 0.000190114 0.000638677 -4.4535e-10 
694	-3.82949e-10 0.000187618 0.0004611 -3.73742e-10 
695	-3.87532e-10 0.000186662 0.000412211 -3.81198e-10 
696	-4.10021e-10 0.000187983 0.000571342 -4.11239e-10 
697	-4.42731e-10 0.000189085 0.000636734 -4.54647e-10 
698	-3.81434e-10 0.000186036 0.00044644 -3.72904e-10 
699	-3.80387e-10 0.000184884 0.000371661 -3.72638e-10 
700	-3.91979e-10 0.00018711 0.000635732 -3.86106e-10 
701	-4.57403e-10 0.000187824 0.000611391 -4.75639e-10 
702	-3.50983e-10 0.000183628 0.000378271 -3.3239e-10 
703	-4.38961e-10 0.000187001 0.000589799 -4.50899e-10 
704	-3.71041e-10 0.000185749 0.000601752 -3.5768e-10 
705	-4.31569e-10 0.000184887 0.000478467 -4.42656e-10 
706	-3.55286e-10 0.000182118 0.000386871 -3.4012e-10 
707	-4.55849e-10 0.000185723 0.000626625 -4.75623e-10 
708	-3.50885e-10 0.000183344 0.000534002 -3.31858e-10 
709	-3.84448e-10 0.000182497 0.000440391 -3.78957e-10 
710	-3.73179e-10 0.000182029 0.000500824 -3.64301e-10 
711	-4.31083e-10 0.000183913 0.000617598 -4.41825e-10 
712	-3.65659e-10 0.000181917 0.000518934 -3.53194e-10 
713	-4.10747e-10 0.000183595 0.000626607 -4.13104e-10 
714	-3.60347e-10 0.000180816 0.000459486 -3.46645e-10 
715	-3.37449e-10 0.000178096 0.000311727 -3.17137e-10 
716	-3.62248e-10 0.000179512 0.000471814 -3.51455e-10 
717	-3.92516e-10 0.000181487 0.000643227 -3.89732e-10 
718	-3.38683e-10 0.000178974 0.00047249 -3.17507e-10 
719	-3.67085e-10 0.00017871 0.00047591 -3.57021e-10 
720	-3.60608e-10 0.000178614 0.000514938 -3.48409e-10 
721	-3.44373e-10 0.00017813 0.000517162 -3.25483e-10 
722	-3.33412e-10 0.000177547 0.000491852 -3.10878e-10 
723	-3.34879e-10 0.000175949 0.000418629 -3.14409e-10 
724	-3.46607e-10 0.000176186 0.000469043 -3.31113e-10 
725	-3.6273e-10 0.00017701 0.000576681 -3.51555e-10 
726	-2.82822e-10 0.000173816 0.000404832 -2.43688e-10 
727	-3.55519e-10 0.000175292 0.000552713 -3.42741e-10 
728	-3.16755e-10 0.000173067 0.000394724 -2.92222e-10 
729	-3.58498e-10 0.000175062 0.000584146 -3.46931e-10 
730	-3.16103e-10 0.000173067 0.000505881 -2.90273e-10 
731	-2.90845e-10 0.000171149 0.000394752 -2.56381e-10 
732	-3.17735e-10 0.000171792 0.000490183 -2.93766e-10 
733	-3.11932e-10 0.000171198 0.000456612 -2.85476e-10 
734	-3.21967e-10 0.000171959 0.000584298 -2.98413e-10 
735	-2.9073e-10 0.000170021 0.000434479 -2.56469e-10 
736	-3.19512e-10 0.000171043 0.000573361 -2.95339e-10 
737	-3.14738e-10 0.000171065 0.00057762 -2.87848e-10 
738	-2.92547e-10 0.000169953 0.00052401 -2.58146e-10 
739	-3.10377e-10 0.000171468 0.000640116 -2.80655e-10 
740	-2.8773e-10 0.000169953 0.000524343 -2.50595e-10 
741	-3.05344e-10 0.000171363 0.000654921 -2.73039e-10 
742	-3.07856e-10 0.000172126 0.000702286 -2.75434e-10 
743	-3.03449e-10 0.000172359 0.000715056 -2.68293e-10 
744	-2.84952e-10 0.000171177 0.000620853 -2.43757e-10 
745	-3.017e-10 0.000172896 0.000750473 -2.64767e-10 
746	-3.0378e-10 0.00017297 0.000736815 -2.67206e-10 
747	-2.63286e-10 0.000171165 0.00060889 -2.12874e-10 
748	-2.91667e-10 0.000172895 0.00074566 -2.50098e-10 
749	-2.70988e-10 0.000172013 0.000662868 -2.22256e-10 
750	-2.79219e-10 0.000172878 0.00074214 -2.32346e-10 
751	-2.61332e-10 0.000171558 0.000651836 -2.091e-10 
752	-2.80817e-10 0.000172743 0.000742023 -2.34856e-10 
753	-2.58218e-10 0.000172881 0.000737018 -2.03006e-10 
754	-2.43665e-10 0.000171959 0.000667695 -1.83812e-10 
755	-2.58275e-10 0.000172088 0.000701217 -2.0429e-10 
756	-2.43342e-10 0.000170601 0.000572279 -1.85369e-10 
757	-2.41547e-10 0.000172187 0.000729043 -1.81051e-10 
758	-2.14469e-10 0.000170136 0.000586109 -1.45864e-10 
759	-2.39578e-10 0.000171293 0.00069412 -1.79437e-10 
760	-2.35317e-10 0.000171796 0.000723951 -1.72764e-10 
761	-2.31041e-10 0.000171609 0.000708656 -1.67023e-10 
762	-2.10703e-10 0.000169608 0.00056447 -1.41253e-10 
763	-2.29426e-10 0.000169567 0.000594834 -1.67564e-10 
764	-2.27564e-10 0.000171271 0.000732817 -1.62788e-10 
765	-2.1477e-10 0.000169296 0.000580903 -1.47374e-10 
766	-2.14024e-10 0.000169344 0.000616 -1.46341e-10 
767	-2.18188e-10 0.000168666 0.000583346 -1.52806e-10 
768	-2.18852e-10 0.00016963 0.000673505 -1.52601e-10 
769	-2.09945e-10 0.000169111 0.000637657 -1.40572e-10 
770	-2.10884e-10 0.000167891 0.000554729 -1.43389e-10 
771	-2.16377e-10 0.000169772 0.000708518 -1.4845e-10 
772	-2.07975e-10 0.000168566 0.000612694 -1.38216e-10 
773	-2.05953e-10 0.000168476 0.000632483 -1.35452e-10 
774	-2.03526e-10 0.000167262 0.000557475 -1.33465e-10 
775	-2.16531e-10 0.000168843 0.000690332 -1.49463e-10 
776	-1.99763e-10 0.000167593 0.000590722 -1.27501e-10 
777	-2.07227e-10 0.000167557 0.000607822 -1.37914e-10 
778	-2.06888e-10 0.000168292 0.000679926 -1.36059e-10 
779	-2.07473e-10 0.000167779 0.000634406 -1.3735e-10 
780	-2.06379e-10 0.000168495 0.000696974 -1.34789e-10 
781	-1.78421e-10 0.000165329 0.000463385 -1.00042e-10 
782	-2.05852e-10 0.000167203 0.000643156 -1.35802e-10 
783	-1.87468e-10 0.000164806 0.000462025 -1.12975e-10 
784	-1.99077e-10 0.000166327 0.000612591 -1.27257e-10 
785	-1.82285e-10 0.000166135 0.000599322 -1.03858e-10 
786	-1.94629e-10 0.000165981 0.000601325 -1.21068e-10 
787	-1.8801e-10 0.000167126 0.000681192 -1.10014e-10 
788	-1.82556e-10 0.000165492 0.00055449 -1.04702e-10 
789	-1.83634e-10 0.000166311 0.000621305 -1.04875e-10 
790	-2.07089e-10 0.000165874 0.000604735 -1.38043e-10 
791	-1.85326e-10 0.000166203 0.000613869 -1.06923e-10 
792	-1.69766e-10 0.000164637 0.000509184 -8.74413e-11 
793	-1.80994e-10 0.000163683 0.000465778 -1.04543e-10 
794	-1.81469e-10 0.000165701 0.000644229 -1.01935e-10 
795	-1.74555e-10 0.000165214 0.000592457 -9.27135e-11 
796	-1.72259e-10 0.000165178 0.000587073 -8.95006e-11 
797	-1.7351e-10 0.000164574 0.000558591 -9.2175e-11 
798	-1.78174e-10 0.000165064 0.000584833 -9.75746e-11 
799	-1.59655e-10 0.000162913 0.000427341 -7.44993e-11 
800	-1.68974e-10 0.000163466 0.000500277 -8.72338e-11 
801	-1.63199e-10 0.000164904 0.000619657 -7.67651e-11 
802	-1.73911e-10 0.000163421 0.000499162 -9.37789e-11 
803	-1.58226e-10 0.000165075 0.000625388 -6.91789e-11 
804	-1.49525e-10 0.000162934 0.000461419 -6.02064e-11 
805	-1.6022e-10 0.000164036 0.000554521 -7.3483e-11 
806	-1.70231e-10 0.000164316 0.000579182 -8.67266e-11 
807	-1.60404e-10 0.000164728 0.000594351 -7.21309e-11 
808	-1.52934e-10 0.000162566 0.000429964 -6.52089e-11 
809	-1.59113e-10 0.000162472 0.000453714 -7.38237e-11 
810	-1.50756e-10 0.000164526 0.000618868 -5.88094e-11 
811	-1.47175e-10 0.000162672 0.000467263 -5.63558e-11 
812	-1.52016e-10 0.00016256 0.000472632 -6.34995e-11 
813	-1.7713e-10 0.000164412 0.000632729 -9.59297e-11 
814	-1.52352e-10 0.000163415 0.000523496 -6.19538e-11 
815	-1.4582e-10 0.000161197 0.000373114 -5.62805e-11 
816	-1.51922e-10 0.000163011 0.000532736 -6.25012e-11 
817	-1.57224e-10 0.000163607 0.000582972 -6.8525e-11 
818	-1.51723e-10 0.000161212 0.00039886 -6.42477e-11 
819	-1.49337e-10 0.000163579 0.000581391 -5.76297e-11 
820	-1.36264e-10 0.000161128 0.000400401 -4.31998e-11 
821	-1.56652e-10 0.000162612 0.00052413 -6.90965e-11 
822	-1.6702e-10 0.000163525 0.000583155 -8.20864e-11 
823	-1.4641e-10 0.000163104 0.000526901 -5.37557e-11 
824	-1.53526e-10 0.000162467 0.00049165 -6.49975e-11 
825	-1.60075e-10 0.00016151 0.00044354 -7.55239e-11 
826	-1.62604e-10 0.000163034 0.000561741 -7.64688e-11 
827	-1.48662e-10 0.000160938 0.000395633 -5.99749e-11 
828	-1.53753e-10 0.000161082 0.000431145 -6.7111e-11 
829	-1.79511e-10 0.000162997 0.000593634 -1.00311e-10 
830	-1.62961e-10 0.000162457 0.000514238 -7.74083e-11 
831	-1.22918e-10 0.000158346 0.000233041 -2.74144e-11 
832	-1.53911e-10 0.000161304 0.000474356 -6.72618e-11 
833	-1.64252e-10 0.000162217 0.000554066 -7.9727e-11 
834	-1.57168e-10 0.00016012 0.000378715 -7.28462e-11 
835	-1.54514e-10 0.00016242 0.000557088 -6.59138e-11 
836	-1.43873e-10 0.00016054 0.000422847 -5.39486e-11 
837	-1.69243e-10 0.000161195 0.000477432 -8.81814e-11 
838	-1.81363e-10 0.000162876 0.000601532 -1.0232e-10 
839	-1.58508e-10 0.000161791 0.000492006 -7.15548e-11 
840	-1.16146e-10 0.000157861 0.000242613 -1.85082e-11 
841	-1.67812e-10 0.000160407 0.000449663 -8.72338e-11 
842	-1.81277e-10 0.000161235 0.000505171 -1.04467e-10 
843	-1.68133e-10 0.000160603 0.000446373 -8.6843e-11 
844	-1.54375e-10 0.00015898 0.000341221 -7.00395e-11 
845	-1.79093e-10 0.000160602 0.000496163 -1.0246e-10 
846	-1.76899e-10 0.000160708 0.000475992 -9.8731e-11 
847	-1.36767e-10 0.000156197 0.00016786 -4.91778e-11 
848	-1.79613e-10 0.00016034 0.000485522 -1.03662e-10 
849	-1.88942e-10 0.000160809 0.000518924 -1.15567e-10 
850	-1.83213e-10 0.000159565 0.000406517 -1.09006e-10 
851	-1.81779e-10 0.000160996 0.000507328 -1.05228e-10 
852	-1.79078e-10 0.00016021 0.000454368 -1.02574e-10 
853	-1.9306e-10 0.000159097 0.000370443 -1.23916e-10 
854	-2.03263e-10 0.000160907 0.000535111 -1.3501e-10 
855	-1.91992e-10 0.00016069 0.000483916 -1.19231e-10 
856	-1.47361e-10 0.000157288 0.000253038 -6.18612e-11 
857	-1.96022e-10 0.00015903 0.00039022 -1.27996e-10 
858	-2.12618e-10 0.000161021 0.000547276 -1.47796e-10 
859	-1.97188e-10 0.000160056 0.000432999 -1.27322e-10 
860	-1.79894e-10 0.000159011 0.000357702 -1.05092e-10 
861	-1.96894e-10 0.000159222 0.000410921 -1.28924e-10 
862	-2.10596e-10 0.000159013 0.000394786 -1.48236e-10 
863	-1.83334e-10 0.000156931 0.000261842 -1.12871e-10 
864	-2.01971e-10 0.000159649 0.000466216 -1.35445e-10 
865	-1.88156e-10 0.00015786 0.000333092 -1.1911e-10 
866	-2.01024e-10 0.000157063 0.000280955 -1.38036e-10 
867	-2.1901e-10 0.000159807 0.000490318 -1.59304e-10 
868	-2.03844e-10 0.000158907 0.000389375 -1.39082e-10 
869	-1.71442e-10 0.000155324 0.0001525 -9.9977e-11 
870	-2.24233e-10 0.00015874 0.000427536 -1.68729e-10 
871	-2.04047e-10 0.000158191 0.000376667 -1.40806e-10 
872	-1.95224e-10 0.000157052 0.000288959 -1.30284e-10 
873	-1.99239e-10 0.000156817 0.000302368 -1.36732e-10 
874	-2.22755e-10 0.00015789 0.000389254 -1.6814e-10 
875	-2.05321e-10 0.000156178 0.00024988 -1.45843e-10 
876	-2.07408e-10 0.000156782 0.000312024 -1.47954e-10 
877	-2.11383e-10 0.000156602 0.000304039 -1.54318e-10 
878	-2.10253e-10 0.000156593 0.000306239 -1.52504e-10 
879	-2.07748e-10 0.000155653 0.00024991 -1.49958e-10 
880	-2.09496e-10 0.000156811 0.000340844 -1.51132e-10 
881	-2.24849e-10 0.000157426 0.00037776 -1.71531e-10 
882	-2.17032e-10 0.000156247 0.000287297 -1.62267e-10 
883	-2.47234e-10 0.000157934 0.000419792 -2.02064e-10 
884	-2.11416e-10 0.000156597 0.000307872 -1.53439e-10 
885	-1.78736e-10 0.000153672 0.000110947 -1.12602e-10 
886	-2.20494e-10 0.000155249 0.000266602 -1.68851e-10 
887	-2.21262e-10 0.00015651 0.000364912 -1.67296e-10 
888	-2.15588e-10 0.00015455 0.000209143 -1.62037e-10 
889	-2.09301e-10 0.000155936 0.000335699 -1.51543e-10 
890	-2.24017e-10 0.000155232 0.000295244 -1.73475e-10 
891	-2.08524e-10 0.000154724 0.000259931 -1.51947e-10 
892	-2.23508e-10 0.000156359 0.000391397 -1.70533e-10 
893	-2.08718e-10 0.000155195 0.000287208 -1.51348e-10 
894	-1.96634e-10 0.000153379 0.000180666 -1.37556e-10 
895	-2.10323e-10 0.000154237 0.000283413 -1.54834e-10 
896	-2.01446e-10 0.000154919 0.000343178 -1.41121e-10 
897	-2.07853e-10 0.000153393 0.000220521 -1.52373e-10 
898	-1.94434e-10 0.000153014 0.000236456 -1.34506e-10 
899	-2.31044e-10 0.000154619 0.000365697 -1.82715e-10 
900	-1.93418e-10 0.000153305 0.00026051 -1.31616e-10 
901	-1.63627e-10 0.000150946 0.000108202 -9.38228e-11 
902	-1.88585e-10 0.00015204 0.000226914 -1.27614e-10 
903	-2.39671e-10 0.000154713 0.0004396 -1.9424e-10 
904	-1.95138e-10 0.000151862 0.000193226 -1.3586e-10 
905	-1.92341e-10 0.000153457 0.000355406 -1.29504e-10 
906	-1.86541e-10 0.000151752 0.000244895 -1.24233e-10 
907	-1.95496e-10 0.000152127 0.000304182 -1.35411e-10 
908	-2.03772e-10 0.00015333 0.000409343 -1.44513e-10 
909	-1.75614e-10 0.000152331 0.000332528 -1.06478e-10 
910	-1.73226e-10 0.00015011 0.000185501 -1.06841e-10 
911	-1.83608e-10 0.000150955 0.000300083 -1.19296e-10 
912	-2.0015e-10 0.00015235 0.000412212 -1.3973e-10 
913	-1.62274e-10 0.000151398 0.000342994 -8.7774e-11 
914	-1.90169e-10 0.000150111 0.000259456 -1.29187e-10 
915	-1.91673e-10 0.00015115 0.000395774 -1.28726e-10 
916	-1.90247e-10 0.000151529 0.000413714 -1.25674e-10 
917	-1.32513e-10 0.000148181 0.000191051 -5.00512e-11 
918	-1.76807e-10 0.000150358 0.000392238 -1.08695e-10 
919	-1.99112e-10 0.000150929 0.000468945 -1.38147e-10 
920	-1.79559e-10 0.000149657 0.000356878 -1.12591e-10 
921	-1.78638e-10 0.000150296 0.000439639 -1.09908e-10 
922	-1.72283e-10 0.000149577 0.000407354 -1.01783e-10 
923	-1.83093e-10 0.00014902 0.000390473 -1.1772e-10 
924	-1.85347e-10 0.000149258 0.000424633 -1.1967e-10 
925	-1.6481e-10 0.000149 0.000432199 -9.08353e-11 
926	-1.50749e-10 0.00014812 0.000384976 -7.22427e-11 
927	-1.56825e-10 0.000146783 0.000331079 -8.27616e-11 
928	-2.05213e-10 0.000149651 0.000576079 -1.45325e-10 
929	-1.32897e-10 0.000147281 0.000384326 -4.69699e-11 
930	-1.78517e-10 0.000148169 0.000481813 -1.09757e-10 
931	-1.46584e-10 0.000146326 0.000379652 -6.77424e-11 
932	-1.69181e-10 0.000147126 0.000472916 -9.7419e-11 
933	-1.33933e-10 0.000145757 0.000389853 -4.94859e-11 
934	-1.62771e-10 0.000147473 0.000548349 -8.72286e-11 
935	-1.52256e-10 0.000145476 0.000405336 -7.58039e-11 
936	-1.57825e-10 0.000145765 0.000456648 -8.22755e-11 
937	-1.7126e-10 0.000147064 0.000574326 -9.87194e-11 
938	-1.46072e-10 0.000146287 0.000507536 -6.40771e-11 
939	-1.64786e-10 0.000145096 0.000442535 -9.24341e-11 
940	-1.66322e-10 0.000145059 0.000473975 -9.39e-11 
941	-1.62511e-10 0.000146059 0.000572259 -8.63812e-11 
942	-1.30495e-10 0.000143751 0.000395468 -4.47951e-11 
943	-1.60542e-10 0.00014547 0.000569176 -8.4074e-11 
944	-1.72874e-10 0.000144738 0.000518682 -1.02013e-10 
945	-1.47194e-10 0.000144323 0.000501558 -6.64118e-11 
946	-1.65863e-10 0.000144973 0.000558637 -9.11627e-11 
947	-1.5166e-10 0.00014455 0.000545236 -7.15845e-11 
948	-1.95855e-10 0.000144648 0.000562625 -1.33255e-10 
949	-1.66767e-10 0.000143919 0.00051014 -9.32368e-11 
950	-1.68855e-10 0.000144102 0.000534871 -9.56514e-11 
951	-1.42079e-10 0.000143332 0.000489774 -5.93495e-11 
952	-1.65004e-10 0.000142628 0.00045129 -9.28146e-11 
953	-1.74068e-10 0.000143971 0.000574117 -1.02448e-10 
954	-1.60767e-10 0.000143349 0.000521362 -8.45917e-11 
955	-1.4598e-10 0.000141793 0.000401403 -6.71108e-11 
956	-1.5638e-10 0.000142463 0.000488821 -8.03733e-11 
957	-1.99499e-10 0.000143791 0.000577195 -1.38535e-10 
958	-1.35733e-10 0.000142172 0.000445793 -5.12467e-11 
959	-1.7797e-10 0.000143628 0.000562932 -1.08428e-10 
960	-1.49769e-10 0.000141853 0.000437991 -7.20135e-11 
961	-1.86374e-10 0.000142415 0.000481168 -1.22257e-10 
962	-1.59817e-10 0.000142591 0.0005032 -8.42937e-11 
963	-1.77939e-10 0.000142808 0.000501752 -1.09328e-10 
964	-1.15695e-10 0.000140611 0.000353356 -2.61514e-11 
965	-1.85968e-10 0.000141295 0.000403512 -1.23255e-10 
966	-1.74129e-10 0.000142852 0.000536755 -1.03762e-10 
967	-1.57616e-10 0.000142072 0.000442072 -8.20609e-11 
968	-1.73751e-10 0.000141885 0.000431676 -1.05589e-10 
969	-1.84236e-10 0.000141028 0.000361552 -1.21437e-10 
970	-1.67987e-10 0.000142266 0.000463824 -9.66311e-11 
971	-1.62513e-10 0.000141226 0.000369173 -9.04696e-11 
972	-1.74359e-10 0.000142635 0.000479256 -1.05078e-10 
973	-2.05388e-10 0.000142587 0.00046012 -1.48335e-10 
974	-1.83349e-10 0.000141975 0.000393234 -1.18702e-10 
975	-2.03768e-10 0.000142706 0.000442365 -1.46188e-10 
976	-1.78345e-10 0.000142487 0.000419364 -1.11084e-10 
977	-2.11479e-10 0.000142478 0.000415021 -1.57449e-10 
978	-2.01455e-10 0.000142188 0.000375661 -1.43914e-10 
979	-2.12526e-10 0.000142269 0.000371803 -1.59481e-10 
980	-1.95896e-10 0.00014214 0.000360531 -1.36542e-10 
981	-1.96328e-10 0.000141541 0.000314023 -1.38507e-10 
982	-2.18444e-10 0.000142721 0.000400678 -1.67528e-10 
983	-1.79986e-10 0.000142082 0.000341936 -1.14688e-10 
984	-1.74023e-10 0.000140714 0.000229892 -1.09257e-10 
985	-1.78495e-10 0.000141355 0.000296758 -1.14898e-10 
986	-2.20546e-10 0.000142098 0.000334608 -1.72588e-10 
987	-1.67753e-10 0.00014131 0.000275292 -9.98219e-11 
988	-2.13375e-10 0.000143056 0.000389313 -1.61368e-10 
989	-1.8694e-10 0.000141214 0.000241037 -1.27929e-10 
990	-2.12286e-10 0.00014198 0.000293034 -1.61898e-10 
991	-2.02121e-10 0.00014221 0.000316167 -1.47305e-10 
992	-2.09351e-10 0.00014232 0.000297146 -1.57485e-10 
993	-1.6441e-10 0.000140737 0.000194269 -9.76291e-11 
994	-2.06621e-10 0.000141048 0.000216405 -1.55932e-10 
995	-2.08776e-10 0.000142329 0.000328397 -1.56898e-10 
996	-2.02093e-10 0.000141638 0.000240255 -1.48718e-10 
997	-1.94954e-10 0.00014093 0.000193719 -1.40869e-10 
998	-2.04335e-10 0.000140915 0.00020783 -1.53456e-10 
999	-1.83135e-10 0.000141217 0.00023806 -1.23281e-10 
1000	-1.68101e-10 0.000140114 0.000164006 -1.03814e-10 
1001	-1.90339e-10 0.000141606 0.000276732 -1.33355e-10 
1002	-2.27344e-10 0.000142084 0.00031046 -1.8387e-10 
1003	-1.86942e-10 0.000141016 0.000206467 -1.2886e-10 
1004	-2.15084e-10 0.000142068 0.000296312 -1.66707e-10 
1005	-1.99254e-10 0.000141528 0.000240446 -1.4582e-10 
1006	-2.21553e-10 0.000141662 0.000272895 -1.76452e-10 
1007	-2.15722e-10 0.000141373 0.000242491 -1.68534e-10 
1008	-2.17707e-10 0.000141172 0.000232337 -1.71662e-10 
1009	-2.19912e-10 0.000141313 0.000243131 -1.74622e-10 
1010	-1.98166e-10 0.000140466 0.000195421 -1.45512e-10 
1011	-2.35433e-10 0.000141722 0.00029786 -1.95318e-10 
1012	-1.92736e-10 0.000140805 0.000233354 -1.36621e-10 
1013	-1.8514e-10 0.000139275 0.000115975 -1.2906e-10 
1014	-1.82672e-10 0.000140279 0.000229641 -1.24192e-10 
1015	-2.45777e-10 0.000141133 0.000277782 -2.10976e-10 
1016	-1.66744e-10 0.000139409 0.000170009 -1.02371e-10 
1017	-2.28955e-10 0.000141389 0.000308677 -1.86815e-10 
1018	-1.89404e-10 0.000139523 0.000184446 -1.34774e-10 
1019	-2.15726e-10 0.000139795 0.000201074 -1.70825e-10 
1020	-2.0428e-10 0.000140188 0.000262821 -1.53819e-10 
1021	-2.28351e-10 0.000139772 0.000215408 -1.88094e-10 
1022	-1.89793e-10 0.00013849 0.000146857 -1.36554e-10 
1023	-2.05809e-10 0.000138881 0.000185675 -1.57842e-10 
1024	-2.15683e-10 0.000140502 0.000329988 -1.6861e-10 
1025	-2.06748e-10 0.000139523 0.000226391 -1.57238e-10 
1026	-1.9014e-10 0.000137768 0.000113512 -1.37775e-10 
1027	-2.05146e-10 0.00013848 0.00020057 -1.57174e-10 
1028	-1.92032e-10 0.000138834 0.000239999 -1.3765e-10 
1029	-1.49804e-10 0.000136745 9.45066e-05 -8.17215e-11 
1030	-2.01725e-10 0.000138861 0.00027202 -1.51349e-10 
1031	-2.19928e-10 0.000138775 0.000266264 -1.76749e-10 
1032	-1.88556e-10 0.000138423 0.000227109 -1.3263e-10 
1033	-2.13003e-10 0.000139028 0.000281808 -1.65839e-10 
1034	-2.11053e-10 0.000138473 0.000232565 -1.64201e-10 
1035	-2.18513e-10 0.000138334 0.000253584 -1.7449e-10 
1036	-2.2093e-10 0.000138478 0.000258379 -1.7715e-10 
1037	-2.09235e-10 0.000138003 0.000231538 -1.61276e-10 
1038	-2.23982e-10 0.00013767 0.000206847 -1.8247e-10 
1039	-1.97135e-10 0.000137182 0.000201511 -1.45439e-10 
1040	-2.35697e-10 0.00013858 0.000305194 -1.96773e-10 
1041	-1.98378e-10 0.000137883 0.000256595 -1.45177e-10 
1042	-1.81982e-10 0.0001356 9.46114e-05 -1.26077e-10 
1043	-2.0273e-10 0.000136964 0.000227327 -1.53238e-10 
1044	-2.59369e-10 0.000138221 0.000300019 -2.30374e-10 
1045	-1.80548e-10 0.000136832 0.000198391 -1.21674e-10 
1046	-2.30952e-10 0.000138169 0.000292266 -1.90132e-10 
1047	-2.1658e-10 0.000136126 0.000154674 -1.73891e-10 
1048	-2.30113e-10 0.000136892 0.000225429 -1.90919e-10 
1049	-2.11765e-10 0.000137909 0.000310876 -1.63338e-10 
1050	-2.30417e-10 0.000136372 0.000174723 -1.91886e-10 
1051	-1.9455e-10 0.000135139 0.000116801 -1.44014e-10 
1052	-2.24596e-10 0.000136084 0.000201145 -1.83974e-10 
1053	-2.15136e-10 0.000136983 0.000272885 -1.69022e-10 
1054	-2.23555e-10 0.000136871 0.000246748 -1.80801e-10 
1055	-1.85811e-10 0.000134408 7.26764e-05 -1.32492e-10 
1056	-2.32623e-10 0.000136032 0.000220925 -1.95206e-10 
1057	-2.1298e-10 0.000136572 0.000252126 -1.6635e-10 
1058	-1.6579e-10 0.000133978 8.2636e-05 -1.04195e-10 
1059	-2.19549e-10 0.000135847 0.000229165 -1.76847e-10 
1060	-2.19393e-10 0.000135459 0.000223124 -1.77152e-10 
1061	-2.33323e-10 0.000136337 0.000252453 -1.94913e-10 
1062	-2.10887e-10 0.000136192 0.000252105 -1.63462e-10 
1063	-2.30282e-10 0.000135347 0.000172961 -1.92283e-10 
1064	-2.18812e-10 0.00013515 0.000208516 -1.76084e-10 
1065	-2.56628e-10 0.000136396 0.000270381 -2.26715e-10 
1066	-2.09251e-10 0.000135718 0.000236295 -1.61164e-10 
1067	-2.37032e-10 0.000135078 0.000169049 -2.0134e-10 
1068	-1.99949e-10 0.00013436 0.000160731 -1.50428e-10 
1069	-2.65477e-10 0.000135871 0.000268432 -2.39291e-10 
1070	-2.10316e-10 0.000135377 0.000241692 -1.6269e-10 
1071	-2.16048e-10 0.000134127 0.000137361 -1.72819e-10 
1072	-2.06384e-10 0.000133907 0.000163044 -1.59961e-10 
1073	-2.65555e-10 0.000134938 0.000233479 -2.40899e-10 
1074	-2.21688e-10 0.000135404 0.00026781 -1.78535e-10 
1075	-2.50022e-10 0.000135262 0.000223364 -2.18406e-10 
1076	-2.05662e-10 0.000133463 0.00012716 -1.59619e-10 
1077	-2.50983e-10 0.00013424 0.00020093 -2.21159e-10 
1078	-2.52293e-10 0.00013522 0.000283475 -2.21596e-10 
1079	-2.32726e-10 0.000133641 0.00014423 -1.96426e-10 
1080	-2.01501e-10 0.000133274 0.000151913 -1.53509e-10 
1081	-2.38227e-10 0.000132721 0.000133297 -2.05663e-10 
1082	-2.46781e-10 0.000133749 0.000227726 -2.15746e-10 
1083	-2.39585e-10 0.000133854 0.000220034 -2.05391e-10 
1084	-2.19685e-10 0.000133289 0.00018109 -1.7846e-10 
1085	-2.44689e-10 0.00013263 0.0001661 -2.1458e-10 
1086	-2.54692e-10 0.000133218 0.000205994 -2.274e-10 
1087	-2.20359e-10 0.000132654 0.000175154 -1.79858e-10 
1088	-2.32209e-10 0.000133295 0.0002194 -1.9561e-10 
1089	-2.10811e-10 0.000131478 0.000126133 -1.68675e-10 
1090	-2.55378e-10 0.000132608 0.000203653 -2.28984e-10 
1091	-2.20006e-10 0.000132742 0.000227968 -1.78745e-10 
1092	-2.42623e-10 0.000132684 0.000211732 -2.10591e-10 
1093	-1.93238e-10 0.000130075 6.38976e-05 -1.45813e-10 
1094	-2.81687e-10 0.00013303 0.000280227 -2.644e-10 
1095	-2.26194e-10 0.000132446 0.000242258 -1.87334e-10 
1096	-2.61444e-10 0.000131838 0.000176172 -2.37899e-10 
1097	-2.10982e-10 0.000131173 0.000169881 -1.68129e-10 
1098	-2.93698e-10 0.000132326 0.0002621 -2.81863e-10 
1099	-2.40333e-10 0.000131917 0.000240452 -2.07345e-10 
1100	-2.36254e-10 0.000130816 0.000160047 -2.03415e-10 
1101	-2.24079e-10 0.000130216 0.000159084 -1.87275e-10 
1102	-2.80847e-10 0.000131645 0.000265922 -2.64061e-10 
1103	-2.5643e-10 0.000131436 0.000246218 -2.30174e-10 
1104	-2.65973e-10 0.000131786 0.000260391 -2.42956e-10 
1105	-2.19215e-10 0.000130114 0.000172675 -1.80146e-10 
1106	-2.75822e-10 0.000131133 0.000252937 -2.57322e-10 
1107	-2.85667e-10 0.000131139 0.000261824 -2.71287e-10 
1108	-2.71357e-10 0.00013067 0.00020863 -2.51715e-10 
1109	-2.35251e-10 0.000129972 0.000183885 -2.02083e-10 
1110	-2.67218e-10 0.000129654 0.000186622 -2.47347e-10 
1111	-2.67162e-10 0.000129615 0.000214876 -2.46846e-10 
1112	-2.43756e-10 0.000129255 0.000191373 -2.14695e-10 
1113	-2.02948e-10 0.000127236 7.61171e-05 -1.60857e-10 
1114	-2.65722e-10 0.000129465 0.000266913 -2.44826e-10 
1115	-2.60068e-10 0.000128812 0.000198136 -2.37735e-10 
1116	-2.68911e-10 0.00012986 0.000276484 -2.48625e-10 
1117	-2.61091e-10 0.000129894 0.000279446 -2.37287e-10 
1118	-2.63865e-10 0.000129076 0.000235409 -2.42403e-10 
1119	-2.90684e-10 0.000129551 0.000274322 -2.78621e-10 
1120	-2.3983e-10 0.000128236 0.000198574 -2.09238e-10 
1121	-2.64044e-10 0.000128344 0.000221691 -2.42838e-10 
1122	-2.50651e-10 0.000128044 0.000211834 -2.24297e-10 
1123	-2.89723e-10 0.000128913 0.000296896 -2.76985e-10 
1124	-2.7805e-10 0.000128107 0.000216585 -2.62249e-10 
1125	-2.82535e-10 0.000128333 0.000253231 -2.67853e-10 
1126	-2.54449e-10 0.00012708 0.000169494 -2.30674e-10 
1127	-2.54729e-10 0.000127104 0.000223321 -2.30402e-10 
1128	-2.86317e-10 0.000127954 0.000257532 -2.73325e-10 
1129	-2.50923e-10 0.000126566 0.000174489 -2.26033e-10 
1130	-2.8031e-10 0.000127461 0.000261283 -2.65666e-10 
1131	-2.86961e-10 0.000127515 0.000277509 -2.74246e-10 
1132	-3.14562e-10 0.000128434 0.000326051 -3.11578e-10 
1133	-2.75763e-10 0.000127728 0.000269696 -2.58129e-10 
1134	-2.79723e-10 0.000126981 0.000233413 -2.64773e-10 
1135	-3.03327e-10 0.000127798 0.000316897 -2.95648e-10 
1136	-3.0985e-10 0.000127826 0.000312451 -3.04722e-10 
1137	-3.05528e-10 0.000127801 0.000306293 -2.98323e-10 
1138	-2.802e-10 0.00012629 0.000205323 -2.65399e-10 
1139	-3.08756e-10 0.000127118 0.000297393 -3.03641e-10 
1140	-2.86038e-10 0.000125693 0.00020394 -2.73779e-10 
1141	-3.08622e-10 0.000127073 0.000320482 -3.03097e-10 
1142	-2.44848e-10 0.000124671 0.000151433 -2.17686e-10 
1143	-3.04049e-10 0.000126057 0.000271352 -2.98524e-10 
1144	-2.87952e-10 0.000125734 0.000260934 -2.75774e-10 
1145	-3.0006e-10 0.00012613 0.000286511 -2.92424e-10 
1146	-2.42202e-10 0.00012449 0.000187524 -2.13941e-10 
1147	-3.04831e-10 0.000126148 0.000314545 -2.98667e-10 
1148	-2.98575e-10 0.000126006 0.000303031 -2.8978e-10 
1149	-2.70704e-10 0.000124072 0.000160686 -2.53899e-10 
1150	-2.99852e-10 0.000125942 0.000320892 -2.91521e-10 
1151	-3.06604e-10 0.000125573 0.000290937 -3.01433e-10 
1152	-2.95576e-10 0.000125282 0.0002787 -2.86103e-10 
1153	-3.0686e-10 0.000125602 0.000300338 -3.01148e-10 
1154	-2.93926e-10 0.000125227 0.000281383 -2.83587e-10 
1155	-3.24417e-10 0.000125956 0.000333936 -3.24677e-10 
1156	-2.78439e-10 0.000124524 0.000241967 -2.62418e-10 
1157	-3.22611e-10 0.000125392 0.000308932 -3.22607e-10 
1158	-3.03002e-10 0.000124699 0.000262964 -2.96381e-10 
1159	-3.09867e-10 0.000124551 0.000261573 -3.06223e-10 
1160	-2.75715e-10 0.000123591 0.000218448 -2.59557e-10 
1161	-3.03791e-10 0.0001242 0.000268224 -2.9786e-10 
1162	-2.36306e-10 0.000121395 8.38364e-05 -2.08001e-10 
1163	-3.16903e-10 0.000124245 0.000308341 -3.16413e-10 
1164	-3.01584e-10 0.000124302 0.000298884 -2.94597e-10 
1165	-3.253e-10 0.000125032 0.000336644 -3.26821e-10 
1166	-3.11606e-10 0.00012439 0.000275257 -3.08593e-10 
1167	-2.93898e-10 0.000123745 0.000229387 -2.84843e-10 
1168	-3.10621e-10 0.000124172 0.000299304 -3.07007e-10 
1169	-2.93299e-10 0.000123946 0.000275888 -2.82847e-10 
1170	-3.25874e-10 0.000124793 0.00034332 -3.26942e-10 
1171	-2.75959e-10 0.000122914 0.000198053 -2.60091e-10 
1172	-3.30228e-10 0.00012383 0.000298784 -3.34229e-10 
1173	-2.94651e-10 0.000124074 0.000296643 -2.83657e-10 
1174	-3.32471e-10 0.000124478 0.00033374 -3.3606e-10 
1175	-2.69145e-10 0.00012247 0.000172038 -2.50778e-10 
1176	-3.19589e-10 0.000123218 0.000262535 -3.19955e-10 
1177	-3.00243e-10 0.000123287 0.000259635 -2.92636e-10 
1178	-3.07523e-10 0.000122995 0.000264047 -3.03411e-10 
1179	-3.04782e-10 0.000124127 0.000334538 -2.97614e-10 
1180	-3.0734e-10 0.00012257 0.000220443 -3.03832e-10 
1181	-3.20477e-10 0.000123815 0.000307888 -3.20021e-10 
1182	-3.22674e-10 0.000122695 0.000239559 -3.24775e-10 
1183	-3.03697e-10 0.000123732 0.00031526 -2.96562e-10 
1184	-3.07641e-10 0.000122505 0.000241501 -3.0411e-10 
1185	-3.01449e-10 0.000122951 0.000267191 -2.94596e-10 
1186	-3.19235e-10 0.000122716 0.000267885 -3.19567e-10 
1187	-2.81021e-10 0.00012246 0.000245981 -2.66652e-10 
1188	-3.27151e-10 0.000122626 0.000285694 -3.30784e-10 
1189	-2.88402e-10 0.000122636 0.000260328 -2.76368e-10 
1190	-3.15835e-10 0.000122679 0.00028029 -3.1477e-10 
1191	-2.70095e-10 0.000121071 0.000159048 -2.53514e-10 
1192	-3.25405e-10 0.00012271 0.000325663 -3.28043e-10 
1193	-3.07527e-10 0.000122382 0.000245937 -3.03517e-10 
1194	-3.29489e-10 0.000122086 0.000252989 -3.35066e-10 
1195	-3.05041e-10 0.000121898 0.000224406 -3.00856e-10 
1196	-3.14542e-10 0.000122223 0.000291757 -3.13585e-10 
1197	-3.30216e-10 0.000122253 0.000260576 -3.35442e-10 
1198	-3.04521e-10 0.000121331 0.0002048 -3.01186e-10 
1199	-3.13297e-10 0.000121528 0.000230907 -3.12861e-10 
1200	-3.06503e-10 0.000121652 0.000271262 -3.02926e-10 
1201	-3.28343e-10 0.000122157 0.000297784 -3.32687e-10 
1202	-2.92623e-10 0.000121477 0.000237004 -2.83838e-10 
1203	-3.07493e-10 0.000120722 0.000192438 -3.05908e-10 
1204	-3.10243e-10 0.000121466 0.000268644 -3.08308e-10 
1205	-3.06568e-10 0.000121504 0.000280428 -3.02667e-10 
1206	-2.87625e-10 0.00012051 0.000191871 -2.78289e-10 
1207	-3.04917e-10 0.000120508 0.000214126 -3.02113e-10 
1208	-3.00504e-10 0.000121314 0.000273059 -2.9467e-10 
1209	-2.98587e-10 0.000120561 0.000239211 -2.92692e-10 
1210	-2.97539e-10 0.000120237 0.000192492 -2.92434e-10 
1211	-2.87461e-10 0.000120053 0.000211991 -2.78205e-10 
1212	-3.10819e-10 0.000121348 0.000297861 -3.08814e-10 
1213	-2.93892e-10 0.000120288 0.000230155 -2.86449e-10 
1214	-3.01096e-10 0.000120201 0.00021045 -2.97253e-10 
1215	-3.1013e-10 0.00012064 0.000261558 -3.08779e-10 
1216	-2.99129e-10 0.000120986 0.000290097 -2.92609e-10 
1217	-3.08039e-10 0.00012045 0.000253186 -3.05733e-10 
1218	-3.07456e-10 0.000120182 0.000225734 -3.05506e-10 
1219	-3.05817e-10 0.000119968 0.000230792 -3.03394e-10 
1220	-2.89022e-10 0.000120137 0.000254905 -2.79193e-10 
1221	-3.01156e-10 0.000119839 0.000246659 -2.96764e-10 
1222	-2.86876e-10 0.000120385 0.000274387 -2.75684e-10 
1223	-2.86877e-10 0.000119242 0.000199755 -2.77792e-10 
1224	-2.9583e-10 0.000119611 0.000242187 -2.89394e-10 
1225	-2.76254e-10 0.000119529 0.000244549 -2.62177e-10 
1226	-2.85379e-10 0.000119597 0.000245405 -2.7474e-10 
1227	-2.71124e-10 0.00011907 0.000220948 -2.55842e-10 
