Iteration, Run_Time, Time_Elapsed, Sim_Time, Step_dt
0 3.62454 3.62456 2.71072e-05 2.71072e-05 
1 5.96904 2.34452 5.42144e-05 2.71072e-05 
2 8.20583 2.23681 8.13216e-05 2.71072e-05 
3 10.4326 2.22679 0.000108429 2.71072e-05 
4 12.8188 2.38621 0.000135536 2.71072e-05 
5 15.1629 2.34411 0.000162643 2.71072e-05 
6 17.6145 2.45161 0.00018975 2.71072e-05 
7 19.9102 2.29577 0.000216858 2.71072e-05 
8 22.3228 2.41258 0.000243965 2.71072e-05 
9 24.6833 2.36057 0.000271072 2.71072e-05 
10 26.9513 2.26796 0.000298179 2.71072e-05 
11 29.5975 2.64629 0.000325287 2.71072e-05 
12 31.9347 2.3372 0.000352394 2.71072e-05 
13 34.3171 2.38246 0.000379501 2.71072e-05 
14 36.7302 2.41306 0.000406608 2.71072e-05 
15 39.133 2.40285 0.000433715 2.71072e-05 
16 41.5235 2.39055 0.000460823 2.71072e-05 
17 43.9677 2.44418 0.00048793 2.71072e-05 
18 46.5924 2.62474 0.000515037 2.71072e-05 
19 49.0224 2.42999 0.000542144 2.71072e-05 
20 51.3997 2.3773 0.000569251 2.71072e-05 
21 54.9441 3.54449 0.000596359 2.71072e-05 
22 58.0491 3.10504 0.000623466 2.71072e-05 
23 61.5889 3.53975 0.000650573 2.71072e-05 
24 64.6761 3.08727 0.00067768 2.71072e-05 
25 67.0149 2.33884 0.000704787 2.71072e-05 
26 69.3627 2.34781 0.000731895 2.71072e-05 
27 71.7207 2.35796 0.000759002 2.71072e-05 
28 74.1176 2.39697 0.000786109 2.71072e-05 
29 76.4191 2.30144 0.000813216 2.71072e-05 
30 78.8385 2.41944 0.000840324 2.71072e-05 
31 81.9661 3.12769 0.000867431 2.71072e-05 
32 85.7501 3.78394 0.000894538 2.71072e-05 
33 88.1604 2.4103 0.000921645 2.71072e-05 
34 90.507 2.34666 0.000948752 2.71072e-05 
35 92.9756 2.46865 0.00097586 2.71072e-05 
36 95.7414 2.76579 0.00100297 2.71072e-05 
37 98.1535 2.41211 0.00103007 2.71072e-05 
38 100.524 2.37093 0.00105718 2.71072e-05 
39 103.016 2.49147 0.00108429 2.71072e-05 
40 105.792 2.77667 0.0011114 2.71072e-05 
41 109.788 3.99577 0.0011385 2.71072e-05 
42 115.157 5.36893 0.00116561 2.71072e-05 
43 120.242 5.08494 0.00119272 2.71072e-05 
44 124.373 4.13132 0.00121982 2.71072e-05 
45 129.969 5.59553 0.00124693 2.71072e-05 
46 135.158 5.18892 0.00127404 2.71072e-05 
47 138.874 3.71656 0.00130115 2.71072e-05 
48 143.698 4.8235 0.00132825 2.71072e-05 
49 146.595 2.89681 0.00135536 2.71072e-05 
50 149.119 2.52406 0.00138247 2.71072e-05 
51 152.434 3.31576 0.00140957 2.71072e-05 
52 154.992 2.55821 0.00143668 2.71072e-05 
53 157.849 2.85651 0.00146379 2.71072e-05 
54 160.737 2.88824 0.0014909 2.71072e-05 
55 163.712 2.97524 0.001518 2.71072e-05 
56 166.373 2.66091 0.00154511 2.71072e-05 
57 168.795 2.42198 0.00157222 2.71072e-05 
58 171.336 2.54045 0.00159933 2.71072e-05 
59 173.722 2.38658 0.00162643 2.71072e-05 
60 176.038 2.31609 0.00165354 2.71072e-05 
61 178.313 2.27428 0.00168065 2.71072e-05 
62 181.674 3.36106 0.00170775 2.71072e-05 
63 184.195 2.52191 0.00173486 2.71072e-05 
64 186.566 2.37086 0.00176197 2.71072e-05 
65 189.135 2.56898 0.00178908 2.71072e-05 
66 191.645 2.50959 0.00181618 2.71072e-05 
67 194.119 2.47466 0.00184329 2.71072e-05 
68 197.64 3.52082 0.0018704 2.71072e-05 
69 200.474 2.83357 0.0018975 2.71072e-05 
70 202.861 2.38727 0.00192461 2.71072e-05 
71 205.608 2.74738 0.00195172 2.71072e-05 
72 207.967 2.3583 0.00197883 2.71072e-05 
73 210.497 2.52998 0.00200593 2.71072e-05 
74 212.852 2.35577 0.00203304 2.71072e-05 
75 215.183 2.33057 0.00206015 2.71072e-05 
76 217.519 2.33641 0.00208726 2.71072e-05 
77 219.872 2.35272 0.00211436 2.71072e-05 
78 222.258 2.38614 0.00214147 2.71072e-05 
79 224.73 2.47205 0.00216858 2.71072e-05 
80 227.113 2.38261 0.00219568 2.71072e-05 
81 229.447 2.3343 0.00222279 2.71072e-05 
82 231.811 2.3643 0.0022499 2.71072e-05 
83 234.37 2.5591 0.00227701 2.71072e-05 
84 236.97 2.59972 0.00230411 2.71072e-05 
85 239.296 2.32628 0.00233122 2.71072e-05 
86 242.154 2.85742 0.00235833 2.71072e-05 
87 244.584 2.43053 0.00238543 2.71072e-05 
88 246.912 2.32841 0.00241254 2.71072e-05 
89 249.248 2.33548 0.00243965 2.71072e-05 
90 251.617 2.36941 0.00246676 2.71072e-05 
91 254.311 2.69386 0.00249386 2.71072e-05 
92 256.75 2.43903 0.00252097 2.71072e-05 
93 259.363 2.61272 0.00254808 2.71072e-05 
94 261.707 2.34416 0.00257518 2.71072e-05 
95 264.283 2.57562 0.00260229 2.71072e-05 
96 266.699 2.41601 0.0026294 2.71072e-05 
97 269.021 2.32205 0.00265651 2.71072e-05 
98 271.283 2.26217 0.00268361 2.71072e-05 
99 273.735 2.45252 0.00271072 2.71072e-05 
100 276.673 2.93798 0.00273783 2.71072e-05 
101 278.972 2.2989 0.00276494 2.71072e-05 
102 281.334 2.3622 0.00279204 2.71072e-05 
103 283.732 2.39812 0.00281915 2.71072e-05 
104 286.63 2.89766 0.00284626 2.71072e-05 
105 289.257 2.627 0.00287336 2.71072e-05 
106 292.018 2.76113 0.00290047 2.71072e-05 
107 294.918 2.89968 0.00292758 2.71072e-05 
108 298.528 3.61026 0.00295469 2.71072e-05 
109 300.91 2.3816 0.00298179 2.71072e-05 
110 303.561 2.65177 0.0030089 2.71072e-05 
111 306.274 2.71323 0.00303601 2.71072e-05 
112 308.784 2.50929 0.00306311 2.71072e-05 
113 311.158 2.37385 0.00309022 2.71072e-05 
114 313.572 2.41438 0.00311733 2.71072e-05 
115 315.981 2.4093 0.00314444 2.71072e-05 
116 318.776 2.79518 0.00317154 2.71072e-05 
117 321.522 2.74601 0.00319865 2.71072e-05 
118 324.077 2.55472 0.00322576 2.71072e-05 
119 326.397 2.32024 0.00325287 2.71072e-05 
120 328.761 2.36377 0.00327997 2.71072e-05 
121 331.005 2.24424 0.00330708 2.71072e-05 
122 333.426 2.42129 0.00333419 2.71072e-05 
123 335.903 2.47679 0.00336129 2.71072e-05 
124 338.211 2.30805 0.0033884 2.71072e-05 
125 340.51 2.29828 0.00341551 2.71072e-05 
126 342.861 2.35121 0.00344262 2.71072e-05 
127 345.103 2.24179 0.00346972 2.71072e-05 
128 347.352 2.24972 0.00349683 2.71072e-05 
129 349.633 2.28049 0.00352394 2.71072e-05 
130 351.893 2.26051 0.00355104 2.71072e-05 
131 354.142 2.24865 0.00357815 2.71072e-05 
132 356.352 2.2098 0.00360526 2.71072e-05 
133 358.614 2.26281 0.00363237 2.71072e-05 
134 360.854 2.23943 0.00365947 2.71072e-05 
135 363.262 2.40814 0.00368658 2.71072e-05 
136 365.704 2.44252 0.00371369 2.71072e-05 
137 368.135 2.43053 0.0037408 2.71072e-05 
138 370.531 2.39575 0.0037679 2.71072e-05 
139 372.868 2.33761 0.00379501 2.71072e-05 
140 375.21 2.34159 0.00382212 2.71072e-05 
141 377.461 2.25094 0.00384922 2.71072e-05 
142 379.744 2.28296 0.00387633 2.71072e-05 
143 382.009 2.26503 0.00390344 2.71072e-05 
144 384.238 2.22964 0.00393055 2.71072e-05 
145 386.478 2.23983 0.00395765 2.71072e-05 
146 388.942 2.46395 0.00398476 2.71072e-05 
147 391.195 2.25272 0.00401187 2.71072e-05 
148 393.628 2.4338 0.00403897 2.71072e-05 
149 395.972 2.34353 0.00406608 2.71072e-05 
150 398.726 2.75392 0.00409319 2.71072e-05 
151 400.975 2.24941 0.0041203 2.71072e-05 
152 403.212 2.23658 0.0041474 2.71072e-05 
153 405.521 2.30927 0.00417451 2.71072e-05 
154 407.782 2.26065 0.00420162 2.71072e-05 
155 409.996 2.21438 0.00422872 2.71072e-05 
156 412.201 2.20491 0.00425583 2.71072e-05 
157 414.403 2.20201 0.00428294 2.71072e-05 
158 416.623 2.21967 0.00431005 2.71072e-05 
159 418.877 2.25473 0.00433715 2.71072e-05 
160 421.133 2.25537 0.00436426 2.71072e-05 
161 423.522 2.38917 0.00439137 2.71072e-05 
162 425.99 2.46776 0.00441848 2.71072e-05 
163 428.266 2.27685 0.00444558 2.71072e-05 
164 430.568 2.30177 0.00447269 2.71072e-05 
165 432.902 2.33362 0.0044998 2.71072e-05 
166 435.223 2.32099 0.0045269 2.71072e-05 
167 437.501 2.27838 0.00455401 2.71072e-05 
168 439.712 2.21052 0.00458112 2.71072e-05 
169 441.926 2.21418 0.00460823 2.71072e-05 
170 444.136 2.21067 0.00463533 2.71072e-05 
171 446.408 2.27121 0.00466244 2.71072e-05 
172 448.707 2.29966 0.00468955 2.71072e-05 
173 450.949 2.24181 0.00471665 2.71072e-05 
174 453.172 2.22342 0.00474376 2.71072e-05 
175 455.414 2.2421 0.00477087 2.71072e-05 
176 457.662 2.24733 0.00479798 2.71072e-05 
177 459.929 2.26772 0.00482508 2.71072e-05 
178 462.231 2.3012 0.00485219 2.71072e-05 
179 464.45 2.21934 0.0048793 2.71072e-05 
180 466.874 2.42415 0.00490641 2.71072e-05 
181 469.079 2.20466 0.00493351 2.71072e-05 
182 472.908 3.82912 0.00496062 2.71072e-05 
183 475.182 2.27411 0.00498773 2.71072e-05 
184 477.387 2.20525 0.00501483 2.71072e-05 
185 479.596 2.20897 0.00504194 2.71072e-05 
186 483.493 3.89662 0.00506905 2.71072e-05 
187 485.776 2.28386 0.00509616 2.71072e-05 
188 488.288 2.51158 0.00512326 2.71072e-05 
189 490.573 2.2854 0.00515037 2.71072e-05 
190 493.427 2.85341 0.00517748 2.71072e-05 
191 495.74 2.31275 0.00520458 2.71072e-05 
192 498.098 2.35835 0.00523169 2.71072e-05 
193 500.337 2.23938 0.0052588 2.71072e-05 
194 502.951 2.61378 0.00528591 2.71072e-05 
195 505.557 2.6058 0.00531301 2.71072e-05 
196 507.857 2.30069 0.00534012 2.71072e-05 
197 510.127 2.27 0.00536723 2.71072e-05 
198 512.366 2.2389 0.00539433 2.71072e-05 
199 514.654 2.28778 0.00542144 2.71072e-05 
200 517.708 3.05351 0.00544855 2.71072e-05 
201 520.019 2.31128 0.00547566 2.71072e-05 
202 522.311 2.29238 0.00550276 2.71072e-05 
203 524.556 2.24523 0.00552987 2.71072e-05 
204 527.059 2.50278 0.00555698 2.71072e-05 
205 529.377 2.31788 0.00558409 2.71072e-05 
206 531.701 2.32393 0.00561119 2.71072e-05 
207 534.278 2.5768 0.0056383 2.71072e-05 
208 536.516 2.23832 0.00566541 2.71072e-05 
209 539.022 2.50661 0.00569251 2.71072e-05 
210 541.542 2.51974 0.00571962 2.71072e-05 
211 546.362 4.81974 0.00574673 2.71072e-05 
212 550.426 4.06454 0.00577384 2.71072e-05 
213 552.857 2.43117 0.00580094 2.71072e-05 
214 555.337 2.47964 0.00582805 2.71072e-05 
215 557.681 2.34435 0.00585516 2.71072e-05 
216 559.981 2.29946 0.00588226 2.71072e-05 
217 562.622 2.64106 0.00590937 2.71072e-05 
218 565.459 2.83677 0.00593648 2.71072e-05 
219 568.135 2.67598 0.00596359 2.71072e-05 
220 570.461 2.32637 0.00599069 2.71072e-05 
221 572.805 2.34434 0.0060178 2.71072e-05 
222 575.184 2.37869 0.00604491 2.71072e-05 
223 577.399 2.21521 0.00607202 2.71072e-05 
224 579.651 2.2521 0.00609912 2.71072e-05 
225 581.859 2.20802 0.00612623 2.71072e-05 
226 584.762 2.90278 0.00615334 2.71072e-05 
227 587.639 2.87715 0.00618044 2.71072e-05 
228 590.354 2.71481 0.00620755 2.71072e-05 
229 592.619 2.26485 0.00623466 2.71072e-05 
230 594.892 2.27356 0.00626177 2.71072e-05 
231 597.317 2.42439 0.00628887 2.71072e-05 
232 599.606 2.28896 0.00631598 2.71072e-05 
233 601.947 2.34126 0.00634309 2.71072e-05 
234 604.147 2.19978 0.00637019 2.71072e-05 
235 606.367 2.22023 0.0063973 2.71072e-05 
236 608.597 2.23 0.00642441 2.71072e-05 
237 610.86 2.2627 0.00645152 2.71072e-05 
238 613.097 2.237 0.00647862 2.71072e-05 
239 615.517 2.42018 0.00650573 2.71072e-05 
240 617.832 2.31523 0.00653284 2.71072e-05 
241 620.24 2.40807 0.00655994 2.71072e-05 
242 622.593 2.35311 0.00658705 2.71072e-05 
243 624.959 2.36559 0.00661416 2.71072e-05 
244 627.36 2.40138 0.00664127 2.71072e-05 
245 629.775 2.41488 0.00666837 2.71072e-05 
246 632.366 2.59142 0.00669548 2.71072e-05 
247 634.598 2.23142 0.00672259 2.71072e-05 
248 636.893 2.29542 0.0067497 2.71072e-05 
249 639.182 2.28889 0.0067768 2.71072e-05 
250 641.454 2.27237 0.00680391 2.71072e-05 
251 643.744 2.29013 0.00683102 2.71072e-05 
252 646.005 2.26065 0.00685812 2.71072e-05 
253 648.239 2.2339 0.00688523 2.71072e-05 
254 650.457 2.21819 0.00691234 2.71072e-05 
255 652.676 2.21942 0.00693945 2.71072e-05 
256 654.954 2.27797 0.00696655 2.71072e-05 
257 657.22 2.26527 0.00699366 2.71072e-05 
258 659.512 2.29276 0.00702077 2.71072e-05 
259 661.75 2.23733 0.00704787 2.71072e-05 
260 663.997 2.24756 0.00707498 2.71072e-05 
261 666.191 2.19371 0.00710209 2.71072e-05 
262 668.428 2.23713 0.0071292 2.71072e-05 
263 670.661 2.23345 0.0071563 2.71072e-05 
264 672.976 2.31412 0.00718341 2.71072e-05 
265 675.311 2.33521 0.00721052 2.71072e-05 
266 677.518 2.20685 0.00723763 2.71072e-05 
267 679.968 2.45063 0.00726473 2.71072e-05 
268 682.226 2.25764 0.00729184 2.71072e-05 
269 684.517 2.29162 0.00731895 2.71072e-05 
270 686.949 2.4315 0.00734605 2.71072e-05 
271 689.259 2.3101 0.00737316 2.71072e-05 
272 691.638 2.37885 0.00740027 2.71072e-05 
273 693.899 2.26172 0.00742738 2.71072e-05 
274 696.149 2.24964 0.00745448 2.71072e-05 
275 698.42 2.27056 0.00748159 2.71072e-05 
276 700.753 2.33323 0.0075087 2.71072e-05 
277 703.047 2.29445 0.0075358 2.71072e-05 
278 705.321 2.27338 0.00756291 2.71072e-05 
279 707.536 2.21566 0.00759002 2.71072e-05 
280 709.743 2.20718 0.00761713 2.71072e-05 
281 711.935 2.19175 0.00764423 2.71072e-05 
282 714.142 2.20701 0.00767134 2.71072e-05 
283 716.526 2.38359 0.00769845 2.71072e-05 
284 718.829 2.30328 0.00772555 2.71072e-05 
285 721.143 2.31449 0.00775266 2.71072e-05 
286 723.39 2.24703 0.00777977 2.71072e-05 
287 725.605 2.21497 0.00780688 2.71072e-05 
288 727.836 2.23068 0.00783398 2.71072e-05 
289 730.055 2.21891 0.00786109 2.71072e-05 
290 732.329 2.27447 0.0078882 2.71072e-05 
291 734.54 2.21077 0.00791531 2.71072e-05 
292 736.858 2.31843 0.00794241 2.71072e-05 
293 739.317 2.45827 0.00796952 2.71072e-05 
294 741.832 2.51526 0.00799663 2.71072e-05 
295 744.351 2.51901 0.00802373 2.71072e-05 
296 747.055 2.70434 0.00805084 2.71072e-05 
297 749.63 2.57488 0.00807795 2.71072e-05 
298 752.113 2.48259 0.00810506 2.71072e-05 
299 754.881 2.76804 0.00813216 2.71072e-05 
300 758.078 3.19717 0.00815927 2.71072e-05 
301 760.358 2.27989 0.00818638 2.71072e-05 
302 762.752 2.39422 0.00821348 2.71072e-05 
303 765.116 2.36451 0.00824059 2.71072e-05 
304 767.489 2.3727 0.0082677 2.71072e-05 
305 769.808 2.31875 0.00829481 2.71072e-05 
306 772.287 2.47918 0.00832191 2.71072e-05 
307 774.725 2.43829 0.00834902 2.71072e-05 
308 777.099 2.37412 0.00837613 2.71072e-05 
309 779.534 2.43443 0.00840324 2.71072e-05 
310 781.965 2.43094 0.00843034 2.71072e-05 
311 784.219 2.25487 0.00845745 2.71072e-05 
312 786.656 2.43643 0.00848456 2.71072e-05 
313 788.95 2.29442 0.00851166 2.71072e-05 
314 791.177 2.22632 0.00853877 2.71072e-05 
315 793.474 2.29781 0.00856588 2.71072e-05 
316 795.725 2.25093 0.00859299 2.71072e-05 
317 797.935 2.20963 0.00862009 2.71072e-05 
318 800.152 2.21694 0.0086472 2.71072e-05 
319 802.415 2.26278 0.00867431 2.71072e-05 
320 804.698 2.28347 0.00870141 2.71072e-05 
321 807.134 2.4365 0.00872852 2.71072e-05 
322 809.317 2.18225 0.00875563 2.71072e-05 
323 811.481 2.16395 0.00878274 2.71072e-05 
324 813.68 2.19943 0.00880984 2.71072e-05 
325 815.875 2.19489 0.00883695 2.71072e-05 
326 818.068 2.19344 0.00886406 2.71072e-05 
327 820.177 2.10889 0.00889116 2.71072e-05 
328 822.299 2.12204 0.00891827 2.71072e-05 
329 824.396 2.09642 0.00894538 2.71072e-05 
330 826.524 2.12886 0.00897249 2.71072e-05 
331 828.632 2.10714 0.00899959 2.71072e-05 
332 830.82 2.1882 0.0090267 2.71072e-05 
333 833.088 2.26867 0.00905381 2.71072e-05 
334 835.322 2.23389 0.00908092 2.71072e-05 
335 837.57 2.24752 0.00910802 2.71072e-05 
336 839.778 2.20835 0.00913513 2.71072e-05 
337 842.045 2.26743 0.00916224 2.71072e-05 
338 844.291 2.24576 0.00918934 2.71072e-05 
339 846.503 2.2115 0.00921645 2.71072e-05 
340 848.761 2.25842 0.00924356 2.71072e-05 
341 851.047 2.28572 0.00927067 2.71072e-05 
342 853.433 2.38647 0.00929777 2.71072e-05 
343 855.665 2.2323 0.00932488 2.71072e-05 
344 857.909 2.24324 0.00935199 2.71072e-05 
345 860.117 2.20863 0.00937909 2.71072e-05 
346 862.329 2.21127 0.0094062 2.71072e-05 
347 864.547 2.21822 0.00943331 2.71072e-05 
348 866.955 2.40801 0.00946042 2.71072e-05 
349 869.287 2.33209 0.00948752 2.71072e-05 
350 871.638 2.35147 0.00951463 2.71072e-05 
351 873.977 2.33867 0.00954174 2.71072e-05 
352 876.215 2.23842 0.00956885 2.71072e-05 
353 878.519 2.30333 0.00959595 2.71072e-05 
354 880.838 2.31933 0.00962306 2.71072e-05 
355 883.113 2.27508 0.00965017 2.71072e-05 
356 885.376 2.26269 0.00967727 2.71072e-05 
357 887.593 2.2171 0.00970438 2.71072e-05 
358 889.804 2.21149 0.00973149 2.71072e-05 
359 892.001 2.197 0.0097586 2.71072e-05 
360 894.258 2.25695 0.0097857 2.71072e-05 
361 896.49 2.23152 0.00981281 2.71072e-05 
362 898.721 2.23149 0.00983992 2.71072e-05 
363 900.955 2.23416 0.00986702 2.71072e-05 
364 903.24 2.28474 0.00989413 2.71072e-05 
365 905.441 2.20152 0.00992124 2.71072e-05 
366 907.649 2.20751 0.00994835 2.71072e-05 
367 909.913 2.26393 0.00997545 2.71072e-05 
368 912.344 2.4308 0.0100026 2.71072e-05 
369 914.683 2.33938 0.0100297 2.71072e-05 
370 917.311 2.62822 0.0100568 2.71072e-05 
371 919.949 2.63827 0.0100839 2.71072e-05 
372 922.172 2.22297 0.010111 2.71072e-05 
373 924.408 2.23548 0.0101381 2.71072e-05 
374 926.72 2.31259 0.0101652 2.71072e-05 
375 929.037 2.3163 0.0101923 2.71072e-05 
376 931.338 2.30156 0.0102194 2.71072e-05 
377 933.825 2.48657 0.0102465 2.71072e-05 
378 936.346 2.52163 0.0102736 2.71072e-05 
379 939.198 2.8521 0.0103007 2.71072e-05 
380 941.855 2.65675 0.0103278 2.71072e-05 
381 944.162 2.30707 0.010355 2.71072e-05 
382 946.448 2.28604 0.0103821 2.71072e-05 
383 948.707 2.25934 0.0104092 2.71072e-05 
384 950.989 2.28198 0.0104363 2.71072e-05 
385 953.215 2.22522 0.0104634 2.71072e-05 
386 955.425 2.20989 0.0104905 2.71072e-05 
387 957.618 2.19367 0.0105176 2.71072e-05 
388 960.538 2.91973 0.0105447 2.71072e-05 
389 962.804 2.26634 0.0105718 2.71072e-05 
390 965.034 2.22984 0.0105989 2.71072e-05 
391 967.244 2.20983 0.010626 2.71072e-05 
392 969.434 2.19036 0.0106531 2.71072e-05 
393 971.763 2.32865 0.0106802 2.71072e-05 
394 974.04 2.27776 0.0107073 2.71072e-05 
395 976.311 2.27052 0.0107345 2.71072e-05 
396 978.621 2.31055 0.0107616 2.71072e-05 
397 980.914 2.29263 0.0107887 2.71072e-05 
398 983.2 2.28631 0.0108158 2.71072e-05 
399 985.724 2.52328 0.0108429 2.71072e-05 
400 988.813 3.0889 0.01087 2.71072e-05 
401 991.107 2.29446 0.0108971 2.71072e-05 
402 993.704 2.59659 0.0109242 2.71072e-05 
403 996.277 2.5737 0.0109513 2.71072e-05 
404 998.599 2.32142 0.0109784 2.71072e-05 
405 1000.95 2.3563 0.0110055 2.71072e-05 
406 1003.3 2.35016 0.0110326 2.71072e-05 
407 1005.65 2.34749 0.0110597 2.71072e-05 
408 1007.92 2.26916 0.0110868 2.71072e-05 
409 1010.14 2.21538 0.011114 2.71072e-05 
410 1012.45 2.3115 0.0111411 2.71072e-05 
411 1014.68 2.2365 0.0111682 2.71072e-05 
412 1016.93 2.24684 0.0111953 2.71072e-05 
413 1019.15 2.21463 0.0112224 2.71072e-05 
414 1021.44 2.2967 0.0112495 2.71072e-05 
415 1023.68 2.23678 0.0112766 2.71072e-05 
416 1025.93 2.2545 0.0113037 2.71072e-05 
417 1028.22 2.28238 0.0113308 2.71072e-05 
418 1030.41 2.19247 0.0113579 2.71072e-05 
419 1032.65 2.23742 0.011385 2.71072e-05 
420 1034.84 2.19371 0.0114121 2.71072e-05 
421 1037.15 2.30871 0.0114392 2.71072e-05 
422 1039.48 2.32903 0.0114663 2.71072e-05 
423 1042.01 2.52989 0.0114935 2.71072e-05 
424 1044.43 2.42625 0.0115206 2.71072e-05 
425 1047.22 2.78191 0.0115477 2.71072e-05 
426 1049.71 2.48972 0.0115748 2.71072e-05 
427 1052.25 2.5415 0.0116019 2.71072e-05 
428 1054.74 2.49533 0.011629 2.71072e-05 
429 1057.3 2.56166 0.0116561 2.71072e-05 
430 1059.64 2.34045 0.0116832 2.71072e-05 
431 1061.98 2.33344 0.0117103 2.71072e-05 
432 1064.31 2.33295 0.0117374 2.71072e-05 
433 1066.64 2.33091 0.0117645 2.71072e-05 
434 1068.97 2.32712 0.0117916 2.71072e-05 
435 1071.22 2.25135 0.0118187 2.71072e-05 
436 1073.46 2.23589 0.0118459 2.71072e-05 
437 1075.84 2.38195 0.011873 2.71072e-05 
438 1078.07 2.23174 0.0119001 2.71072e-05 
439 1080.35 2.28274 0.0119272 2.71072e-05 
440 1082.57 2.21873 0.0119543 2.71072e-05 
441 1084.82 2.25256 0.0119814 2.71072e-05 
442 1087.79 2.97149 0.0120085 2.71072e-05 
443 1090.72 2.92859 0.0120356 2.71072e-05 
444 1093.46 2.74128 0.0120627 2.71072e-05 
445 1095.7 2.23534 0.0120898 2.71072e-05 
446 1097.89 2.18517 0.0121169 2.71072e-05 
447 1100.19 2.30295 0.012144 2.71072e-05 
448 1102.36 2.16984 0.0121711 2.71072e-05 
449 1104.67 2.3099 0.0121982 2.71072e-05 
450 1106.89 2.22587 0.0122254 2.71072e-05 
451 1109.16 2.26304 0.0122525 2.71072e-05 
452 1111.63 2.46927 0.0122796 2.71072e-05 
453 1114.29 2.66396 0.0123067 2.71072e-05 
454 1116.83 2.54288 0.0123338 2.71072e-05 
455 1119.26 2.43106 0.0123609 2.71072e-05 
456 1122.04 2.77971 0.012388 2.71072e-05 
457 1124.44 2.40038 0.0124151 2.71072e-05 
458 1126.85 2.40779 0.0124422 2.71072e-05 
459 1129.43 2.58313 0.0124693 2.71072e-05 
460 1131.83 2.3961 0.0124964 2.71072e-05 
461 1134.6 2.76528 0.0125235 2.71072e-05 
462 1137.51 2.91127 0.0125506 2.71072e-05 
463 1140.26 2.75739 0.0125777 2.71072e-05 
464 1142.63 2.36486 0.0126049 2.71072e-05 
465 1144.94 2.31037 0.012632 2.71072e-05 
466 1147.45 2.50763 0.0126591 2.71072e-05 
467 1149.96 2.50839 0.0126862 2.71072e-05 
468 1152.6 2.64733 0.0127133 2.71072e-05 
469 1155.22 2.61272 0.0127404 2.71072e-05 
470 1157.84 2.62897 0.0127675 2.71072e-05 
471 1160.73 2.88092 0.0127946 2.71072e-05 
472 1163.15 2.422 0.0128217 2.71072e-05 
473 1165.49 2.33991 0.0128488 2.71072e-05 
474 1167.93 2.44419 0.0128759 2.71072e-05 
475 1170.26 2.32639 0.012903 2.71072e-05 
476 1172.71 2.45343 0.0129301 2.71072e-05 
477 1175.1 2.39321 0.0129572 2.71072e-05 
478 1177.43 2.32833 0.0129844 2.71072e-05 
479 1179.87 2.43985 0.0130115 2.71072e-05 
480 1182.3 2.42683 0.0130386 2.71072e-05 
481 1184.73 2.42731 0.0130657 2.71072e-05 
482 1187.08 2.35188 0.0130928 2.71072e-05 
483 1189.74 2.65883 0.0131199 2.71072e-05 
484 1192.29 2.5561 0.013147 2.71072e-05 
485 1194.75 2.45487 0.0131741 2.71072e-05 
486 1197.15 2.40533 0.0132012 2.71072e-05 
487 1199.72 2.56176 0.0132283 2.71072e-05 
488 1202.25 2.53126 0.0132554 2.71072e-05 
489 1204.55 2.30069 0.0132825 2.71072e-05 
490 1206.87 2.3231 0.0133096 2.71072e-05 
491 1209.66 2.78629 0.0133367 2.71072e-05 
492 1212.05 2.39061 0.0133639 2.71072e-05 
493 1214.36 2.31157 0.013391 2.71072e-05 
494 1216.85 2.49192 0.0134181 2.71072e-05 
495 1219.69 2.83955 0.0134452 2.71072e-05 
496 1222.41 2.7193 0.0134723 2.71072e-05 
497 1224.72 2.3147 0.0134994 2.71072e-05 
498 1227.7 2.97682 0.0135265 2.71072e-05 
499 1230.65 2.94777 0.0135536 2.71072e-05 
500 1234.65 4.00572 0.0135807 2.71072e-05 
501 1238.09 3.43117 0.0136078 2.71072e-05 
502 1241.94 3.85477 0.0136349 2.71072e-05 
503 1245.07 3.12658 0.013662 2.71072e-05 
504 1247.7 2.63139 0.0136891 2.71072e-05 
505 1250.22 2.52416 0.0137162 2.71072e-05 
506 1252.78 2.5531 0.0137434 2.71072e-05 
507 1255.47 2.69148 0.0137705 2.71072e-05 
508 1260.54 5.07278 0.0137976 2.71072e-05 
509 1264.08 3.53694 0.0138247 2.71072e-05 
510 1266.43 2.35653 0.0138518 2.71072e-05 
511 1271.57 5.13386 0.0138789 2.71072e-05 
512 1274.37 2.80082 0.013906 2.71072e-05 
513 1276.82 2.44995 0.0139331 2.71072e-05 
514 1280.14 3.32573 0.0139602 2.71072e-05 
515 1282.52 2.37605 0.0139873 2.71072e-05 
516 1284.91 2.38834 0.0140144 2.71072e-05 
517 1287.28 2.37035 0.0140415 2.71072e-05 
518 1289.94 2.66647 0.0140686 2.71072e-05 
519 1292.16 2.21921 0.0140957 2.71072e-05 
520 1294.41 2.24357 0.0141229 2.71072e-05 
521 1297.1 2.69147 0.01415 2.71072e-05 
522 1300.94 3.83749 0.0141771 2.71072e-05 
523 1303.52 2.58524 0.0142042 2.71072e-05 
524 1306.14 2.62187 0.0142313 2.71072e-05 
525 1309.45 3.30897 0.0142584 2.71072e-05 
526 1312.13 2.67708 0.0142855 2.71072e-05 
527 1315.39 3.25658 0.0143126 2.71072e-05 
528 1318.1 2.71841 0.0143397 2.71072e-05 
529 1321.88 3.77893 0.0143668 2.71072e-05 
530 1324.57 2.68529 0.0143939 2.71072e-05 
531 1328.15 3.57695 0.014421 2.71072e-05 
532 1330.88 2.73385 0.0144481 2.71072e-05 
533 1333.38 2.49591 0.0144753 2.71072e-05 
534 1335.94 2.56441 0.0145024 2.71072e-05 
535 1338.7 2.76336 0.0145295 2.71072e-05 
536 1341.05 2.34398 0.0145566 2.71072e-05 
537 1343.4 2.35126 0.0145837 2.71072e-05 
538 1345.85 2.45004 0.0146108 2.71072e-05 
539 1348.28 2.43346 0.0146379 2.71072e-05 
540 1350.65 2.36506 0.014665 2.71072e-05 
541 1352.94 2.29108 0.0146921 2.71072e-05 
542 1355.29 2.35171 0.0147192 2.71072e-05 
543 1357.85 2.55863 0.0147463 2.71072e-05 
544 1360.79 2.93772 0.0147734 2.71072e-05 
545 1363.49 2.70799 0.0148005 2.71072e-05 
546 1365.73 2.235 0.0148276 2.71072e-05 
547 1368.21 2.47806 0.0148548 2.71072e-05 
548 1370.56 2.35113 0.0148819 2.71072e-05 
549 1372.96 2.40064 0.014909 2.71072e-05 
550 1375.45 2.49119 0.0149361 2.71072e-05 
551 1377.91 2.46329 0.0149632 2.71072e-05 
552 1380.42 2.50916 0.0149903 2.71072e-05 
553 1383.03 2.60444 0.0150174 2.71072e-05 
554 1385.8 2.77787 0.0150445 2.71072e-05 
555 1388.43 2.62295 0.0150716 2.71072e-05 
556 1390.83 2.40652 0.0150987 2.71072e-05 
557 1393.42 2.58151 0.0151258 2.71072e-05 
558 1395.91 2.49851 0.0151529 2.71072e-05 
559 1399.85 3.93923 0.01518 2.71072e-05 
560 1402.15 2.297 0.0152071 2.71072e-05 
561 1404.59 2.43936 0.0152343 2.71072e-05 
562 1407.08 2.49173 0.0152614 2.71072e-05 
563 1409.72 2.64253 0.0152885 2.71072e-05 
564 1413.41 3.68211 0.0153156 2.71072e-05 
565 1416.72 3.3151 0.0153427 2.71072e-05 
566 1419.15 2.43148 0.0153698 2.71072e-05 
567 1421.64 2.48462 0.0153969 2.71072e-05 
568 1424.05 2.41771 0.015424 2.71072e-05 
569 1426.51 2.45302 0.0154511 2.71072e-05 
570 1429.04 2.53167 0.0154782 2.71072e-05 
571 1431.39 2.34932 0.0155053 2.71072e-05 
572 1433.85 2.46309 0.0155324 2.71072e-05 
573 1438.17 4.32196 0.0155595 2.71072e-05 
574 1441.66 3.48502 0.0155866 2.71072e-05 
575 1444.12 2.46579 0.0156138 2.71072e-05 
576 1446.61 2.49025 0.0156409 2.71072e-05 
577 1449.11 2.49086 0.015668 2.71072e-05 
578 1451.58 2.47796 0.0156951 2.71072e-05 
579 1455.45 3.87062 0.0157222 2.71072e-05 
580 1459.46 4.00637 0.0157493 2.71072e-05 
581 1463.03 3.56773 0.0157764 2.71072e-05 
582 1467.39 4.36433 0.0158035 2.71072e-05 
583 1472.37 4.9734 0.0158306 2.71072e-05 
584 1476.24 3.87565 0.0158577 2.71072e-05 
585 1478.77 2.53302 0.0158848 2.71072e-05 
586 1481.93 3.15706 0.0159119 2.71072e-05 
587 1484.3 2.36618 0.015939 2.71072e-05 
588 1486.58 2.28328 0.0159661 2.71072e-05 
589 1489.56 2.97563 0.0159933 2.71072e-05 
590 1491.9 2.34779 0.0160204 2.71072e-05 
591 1494.76 2.85739 0.0160475 2.71072e-05 
592 1497.76 2.99558 0.0160746 2.71072e-05 
593 1500.44 2.68271 0.0161017 2.71072e-05 
594 1503.27 2.82803 0.0161288 2.71072e-05 
595 1505.62 2.34886 0.0161559 2.71072e-05 
596 1508.57 2.95215 0.016183 2.71072e-05 
597 1511.13 2.56377 0.0162101 2.71072e-05 
598 1514.1 2.9701 0.0162372 2.71072e-05 
599 1516.85 2.74655 0.0162643 2.71072e-05 
600 1522.84 5.98816 0.0162914 2.71072e-05 
601 1525.24 2.40556 0.0163185 2.71072e-05 
602 1533.77 8.52539 0.0163456 2.71072e-05 
603 1537.02 3.25344 0.0163728 2.71072e-05 
604 1539.69 2.6667 0.0163999 2.71072e-05 
605 1542.14 2.4483 0.016427 2.71072e-05 
606 1544.53 2.39236 0.0164541 2.71072e-05 
607 1547.12 2.59232 0.0164812 2.71072e-05 
608 1550.75 3.63183 0.0165083 2.71072e-05 
609 1553.31 2.55939 0.0165354 2.71072e-05 
610 1555.93 2.62099 0.0165625 2.71072e-05 
611 1558.23 2.29565 0.0165896 2.71072e-05 
612 1560.73 2.49657 0.0166167 2.71072e-05 
613 1563.47 2.74306 0.0166438 2.71072e-05 
614 1566.15 2.67762 0.0166709 2.71072e-05 
615 1568.52 2.37623 0.016698 2.71072e-05 
616 1570.92 2.40275 0.0167251 2.71072e-05 
617 1573.69 2.76302 0.0167523 2.71072e-05 
618 1576.51 2.82023 0.0167794 2.71072e-05 
619 1579.8 3.29356 0.0168065 2.71072e-05 
620 1582.42 2.62314 0.0168336 2.71072e-05 
621 1585.23 2.80893 0.0168607 2.71072e-05 
622 1588.86 3.62987 0.0168878 2.71072e-05 
623 1591.47 2.60535 0.0169149 2.71072e-05 
624 1594.15 2.67683 0.016942 2.71072e-05 
625 1596.64 2.49458 0.0169691 2.71072e-05 
626 1599.99 3.35036 0.0169962 2.71072e-05 
627 1603.09 3.10351 0.0170233 2.71072e-05 
628 1605.58 2.4873 0.0170504 2.71072e-05 
629 1607.93 2.35268 0.0170775 2.71072e-05 
630 1610.29 2.36038 0.0171046 2.71072e-05 
631 1612.75 2.45738 0.0171318 2.71072e-05 
632 1615.28 2.52804 0.0171589 2.71072e-05 
633 1617.81 2.52944 0.017186 2.71072e-05 
634 1620.39 2.58353 0.0172131 2.71072e-05 
635 1623.06 2.67144 0.0172402 2.71072e-05 
636 1625.51 2.44868 0.0172673 2.71072e-05 
637 1627.94 2.42768 0.0172944 2.71072e-05 
638 1630.56 2.61949 0.0173215 2.71072e-05 
639 1633.18 2.61828 0.0173486 2.71072e-05 
640 1635.57 2.39495 0.0173757 2.71072e-05 
641 1638.24 2.66414 0.0174028 2.71072e-05 
642 1641.29 3.05572 0.0174299 2.71072e-05 
643 1643.96 2.66679 0.017457 2.71072e-05 
644 1646.76 2.80487 0.0174842 2.71072e-05 
645 1649.37 2.60259 0.0175113 2.71072e-05 
646 1652.41 3.04584 0.0175384 2.71072e-05 
647 1655.04 2.62974 0.0175655 2.71072e-05 
648 1658.64 3.59472 0.0175926 2.71072e-05 
649 1662.57 3.93734 0.0176197 2.71072e-05 
650 1665.29 2.71182 0.0176468 2.71072e-05 
651 1668.62 3.33068 0.0176739 2.71072e-05 
652 1671.27 2.64938 0.017701 2.71072e-05 
653 1674.23 2.96867 0.0177281 2.71072e-05 
654 1676.68 2.44371 0.0177552 2.71072e-05 
655 1679.13 2.45645 0.0177823 2.71072e-05 
656 1681.7 2.5608 0.0178094 2.71072e-05 
657 1684.43 2.73051 0.0178365 2.71072e-05 
658 1686.97 2.54849 0.0178637 2.71072e-05 
659 1690.52 3.5427 0.0178908 2.71072e-05 
660 1693.97 3.45711 0.0179179 2.71072e-05 
661 1696.85 2.87434 0.017945 2.71072e-05 
662 1699.65 2.79736 0.0179721 2.71072e-05 
663 1703.13 3.48348 0.0179992 2.71072e-05 
664 1705.86 2.72634 0.0180263 2.71072e-05 
665 1709.75 3.89474 0.0180534 2.71072e-05 
666 1712.62 2.86686 0.0180805 2.71072e-05 
667 1715.74 3.12574 0.0181076 2.71072e-05 
668 1720.78 5.03722 0.0181347 2.71072e-05 
669 1723.35 2.56554 0.0181618 2.71072e-05 
670 1726.56 3.21047 0.0181889 2.71072e-05 
671 1729.26 2.70274 0.018216 2.71072e-05 
672 1731.67 2.41051 0.0182432 2.71072e-05 
673 1735.12 3.44891 0.0182703 2.71072e-05 
674 1737.68 2.56096 0.0182974 2.71072e-05 
675 1740.31 2.62679 0.0183245 2.71072e-05 
676 1742.78 2.47146 0.0183516 2.71072e-05 
677 1746.08 3.30499 0.0183787 2.71072e-05 
678 1749.5 3.41653 0.0184058 2.71072e-05 
679 1751.9 2.40279 0.0184329 2.71072e-05 
680 1755.57 3.66657 0.01846 2.71072e-05 
681 1759.93 4.359 0.0184871 2.71072e-05 
682 1762.98 3.05136 0.0185142 2.71072e-05 
683 1779.08 16.1014 0.0185413 2.71072e-05 
684 1784.58 5.49976 0.0185684 2.71072e-05 
685 1793.73 9.14742 0.0185955 2.71072e-05 
686 1796.59 2.86162 0.0186227 2.71072e-05 
687 1799.77 3.18243 0.0186498 2.71072e-05 
688 1802.1 2.32821 0.0186769 2.71072e-05 
689 1804.49 2.39041 0.018704 2.71072e-05 
690 1807.68 3.19422 0.0187311 2.71072e-05 
691 1810.67 2.98666 0.0187582 2.71072e-05 
692 1814.12 3.44861 0.0187853 2.71072e-05 
693 1817.14 3.02167 0.0188124 2.71072e-05 
694 1820.9 3.76165 0.0188395 2.71072e-05 
695 1825.39 4.49048 0.0188666 2.71072e-05 
696 1828.32 2.92748 0.0188937 2.71072e-05 
697 1831.75 3.43493 0.0189208 2.71072e-05 
698 1835.16 3.40231 0.0189479 2.71072e-05 
699 1838.15 2.9935 0.018975 2.71072e-05 
700 1841.75 3.59596 0.0190022 2.71072e-05 
701 1844.12 2.37444 0.0190293 2.71072e-05 
702 1846.6 2.48317 0.0190564 2.71072e-05 
703 1850.07 3.46349 0.0190835 2.71072e-05 
704 1853.77 3.69796 0.0191106 2.71072e-05 
705 1857.38 3.61369 0.0191377 2.71072e-05 
706 1860.32 2.93876 0.0191648 2.71072e-05 
707 1863.23 2.91129 0.0191919 2.71072e-05 
708 1866.09 2.86348 0.019219 2.71072e-05 
709 1869 2.91269 0.0192461 2.71072e-05 
710 1872.65 3.64816 0.0192732 2.71072e-05 
711 1875.63 2.97467 0.0193003 2.71072e-05 
712 1878.53 2.90687 0.0193274 2.71072e-05 
713 1881.34 2.8059 0.0193545 2.71072e-05 
714 1884.35 3.00891 0.0193817 2.71072e-05 
715 1887.17 2.82552 0.0194088 2.71072e-05 
716 1889.97 2.79521 0.0194359 2.71072e-05 
717 1892.92 2.94915 0.019463 2.71072e-05 
718 1895.75 2.83446 0.0194901 2.71072e-05 
719 1898.5 2.74532 0.0195172 2.71072e-05 
720 1901.79 3.28759 0.0195443 2.71072e-05 
721 1904.89 3.10093 0.0195714 2.71072e-05 
722 1911.64 6.75337 0.0195985 2.71072e-05 
723 1915.02 3.37692 0.0196256 2.71072e-05 
724 1917.56 2.54521 0.0196527 2.71072e-05 
725 1920.55 2.98448 0.0196798 2.71072e-05 
726 1923.28 2.73294 0.0197069 2.71072e-05 
727 1927.26 3.97792 0.019734 2.71072e-05 
728 1930.81 3.55283 0.0197612 2.71072e-05 
729 1933.35 2.54368 0.0197883 2.71072e-05 
730 1937.28 3.92465 0.0198154 2.71072e-05 
731 1939.93 2.64949 0.0198425 2.71072e-05 
732 1942.29 2.36405 0.0198696 2.71072e-05 
733 1944.71 2.41576 0.0198967 2.71072e-05 
734 1947.2 2.49619 0.0199238 2.71072e-05 
735 1949.78 2.5773 0.0199509 2.71072e-05 
736 1952.41 2.6249 0.019978 2.71072e-05 
737 1954.9 2.49825 0.0200051 2.71072e-05 
738 1957.62 2.72024 0.0200322 2.71072e-05 
739 1964.83 7.20699 0.0200593 2.71072e-05 
740 1970.61 5.78218 0.0200864 2.71072e-05 
741 1976.23 5.61777 0.0201135 2.71072e-05 
742 1982.04 5.81159 0.0201407 2.71072e-05 
743 1985.84 3.79545 0.0201678 2.71072e-05 
744 1989.03 3.19111 0.0201949 2.71072e-05 
745 1992.25 3.22106 0.020222 2.71072e-05 
746 1995.72 3.47191 0.0202491 2.71072e-05 
747 1998.78 3.05495 0.0202762 2.71072e-05 
748 2001.8 3.0228 0.0203033 2.71072e-05 
749 2004.65 2.84833 0.0203304 2.71072e-05 
750 2007.8 3.15309 0.0203575 2.71072e-05 
751 2010.52 2.72001 0.0203846 2.71072e-05 
752 2013.33 2.80898 0.0204117 2.71072e-05 
753 2016.16 2.83267 0.0204388 2.71072e-05 
754 2018.93 2.76701 0.0204659 2.71072e-05 
755 2022.09 3.15734 0.0204931 2.71072e-05 
756 2024.97 2.87923 0.0205202 2.71072e-05 
757 2027.66 2.69483 0.0205473 2.71072e-05 
758 2030.11 2.44862 0.0205744 2.71072e-05 
759 2036.53 6.42464 0.0206015 2.71072e-05 
760 2039.02 2.48785 0.0206286 2.71072e-05 
761 2041.91 2.8909 0.0206557 2.71072e-05 
762 2044.64 2.72806 0.0206828 2.71072e-05 
763 2048.99 4.35019 0.0207099 2.71072e-05 
764 2053.1 4.11001 0.020737 2.71072e-05 
765 2056.2 3.10013 0.0207641 2.71072e-05 
766 2058.67 2.46859 0.0207912 2.71072e-05 
767 2061.34 2.66685 0.0208183 2.71072e-05 
768 2063.83 2.49496 0.0208454 2.71072e-05 
769 2066.39 2.55782 0.0208726 2.71072e-05 
770 2069.71 3.32523 0.0208997 2.71072e-05 
771 2072.06 2.34551 0.0209268 2.71072e-05 
772 2074.7 2.64526 0.0209539 2.71072e-05 
773 2077.44 2.73459 0.020981 2.71072e-05 
774 2080.48 3.04173 0.0210081 2.71072e-05 
775 2083.3 2.81964 0.0210352 2.71072e-05 
776 2085.98 2.68397 0.0210623 2.71072e-05 
777 2089.58 3.59603 0.0210894 2.71072e-05 
778 2092.61 3.02685 0.0211165 2.71072e-05 
779 2096.63 4.02712 0.0211436 2.71072e-05 
780 2100.98 4.34721 0.0211707 2.71072e-05 
781 2104.45 3.47219 0.0211978 2.71072e-05 
782 2108.1 3.64419 0.0212249 2.71072e-05 
783 2111.3 3.1987 0.0212521 2.71072e-05 
784 2114.21 2.91275 0.0212792 2.71072e-05 
785 2117.45 3.24027 0.0213063 2.71072e-05 
786 2121.14 3.69479 0.0213334 2.71072e-05 
787 2123.94 2.79446 0.0213605 2.71072e-05 
788 2127.36 3.42183 0.0213876 2.71072e-05 
789 2130.68 3.32363 0.0214147 2.71072e-05 
790 2133.6 2.91123 0.0214418 2.71072e-05 
791 2136.58 2.98037 0.0214689 2.71072e-05 
792 2139.33 2.7554 0.021496 2.71072e-05 
793 2142.28 2.9515 0.0215231 2.71072e-05 
794 2145.19 2.90474 0.0215502 2.71072e-05 
795 2148.09 2.89757 0.0215773 2.71072e-05 
796 2150.89 2.80917 0.0216044 2.71072e-05 
797 2153.82 2.92089 0.0216316 2.71072e-05 
798 2156.6 2.78441 0.0216587 2.71072e-05 
799 2159.45 2.84681 0.0216858 2.71072e-05 
800 2163.44 3.98976 0.0217129 2.71072e-05 
801 2174.94 11.4998 0.02174 2.71072e-05 
802 2179.57 4.63924 0.0217671 2.71072e-05 
803 2192.49 12.9127 0.0217942 2.71072e-05 
804 2199.99 7.50295 0.0218213 2.71072e-05 
805 2207.74 7.74685 0.0218484 2.71072e-05 
806 2217.45 9.71605 0.0218755 2.71072e-05 
807 2227.28 9.82784 0.0219026 2.71072e-05 
808 2233.31 6.03129 0.0219297 2.71072e-05 
809 2240.5 7.19078 0.0219568 2.71072e-05 
810 2245.71 5.20744 0.0219839 2.71072e-05 
811 2252.22 6.51164 0.0220111 2.71072e-05 
812 2259.96 7.73827 0.0220382 2.71072e-05 
813 2264.05 4.09299 0.0220653 2.71072e-05 
814 2278.14 14.0862 0.0220924 2.71072e-05 
815 2283.06 4.92048 0.0221195 2.71072e-05 
816 2291.23 8.17231 0.0221466 2.71072e-05 
817 2300.73 9.50051 0.0221737 2.71072e-05 
818 2303.7 2.96228 0.0222008 2.71072e-05 
819 2306.41 2.71831 0.0222279 2.71072e-05 
820 2309.32 2.90829 0.022255 2.71072e-05 
821 2314.19 4.86415 0.0222821 2.71072e-05 
822 2321.91 7.72683 0.0223092 2.71072e-05 
823 2329.5 7.58298 0.0223363 2.71072e-05 
824 2339.28 9.78871 0.0223634 2.71072e-05 
825 2348.92 9.63998 0.0223906 2.71072e-05 
826 2358.6 9.67792 0.0224177 2.71072e-05 
827 2364.23 5.63035 0.0224448 2.71072e-05 
828 2368.62 4.38861 0.0224719 2.71072e-05 
829 2372.15 3.53056 0.022499 2.71072e-05 
830 2376.44 4.28675 0.0225261 2.71072e-05 
831 2388.72 12.2848 0.0225532 2.71072e-05 
832 2396.96 8.23905 0.0225803 2.71072e-05 
833 2411.17 14.2106 0.0226074 2.71072e-05 
834 2420.66 9.48718 0.0226345 2.71072e-05 
835 2443.7 23.038 0.0226616 2.71072e-05 
836 2450.02 6.32287 0.0226887 2.71072e-05 
837 2456.24 6.22348 0.0227158 2.71072e-05 
838 2463.73 7.48186 0.0227429 2.71072e-05 
839 2480.22 16.4897 0.0227701 2.71072e-05 
840 2485.48 5.26722 0.0227972 2.71072e-05 
841 2499.8 14.3202 0.0228243 2.71072e-05 
842 2504.95 5.14977 0.0228514 2.71072e-05 
843 2515.05 10.0989 0.0228785 2.71072e-05 
844 2524.02 8.96552 0.0229056 2.71072e-05 
845 2529.19 5.1701 0.0229327 2.71072e-05 
846 2532.71 3.52512 0.0229598 2.71072e-05 
847 2535.33 2.61544 0.0229869 2.71072e-05 
848 2538.46 3.13533 0.023014 2.71072e-05 
849 2541.12 2.66036 0.0230411 2.71072e-05 
850 2545.08 3.96172 0.0230682 2.71072e-05 
851 2547.74 2.65837 0.0230953 2.71072e-05 
852 2551.54 3.79366 0.0231225 2.71072e-05 
853 2566.79 15.2547 0.0231496 2.71072e-05 
854 2570.3 3.50808 0.0231767 2.71072e-05 
855 2573.88 3.58363 0.0232038 2.71072e-05 
856 2577.72 3.83265 0.0232309 2.71072e-05 
857 2580.25 2.53166 0.023258 2.71072e-05 
858 2583.14 2.89537 0.0232851 2.71072e-05 
859 2585.77 2.62625 0.0233122 2.71072e-05 
860 2588.59 2.82534 0.0233393 2.71072e-05 
861 2591.09 2.4969 0.0233664 2.71072e-05 
862 2593.62 2.52969 0.0233935 2.71072e-05 
863 2596.25 2.6298 0.0234206 2.71072e-05 
864 2599.02 2.76902 0.0234477 2.71072e-05 
865 2601.66 2.63651 0.0234748 2.71072e-05 
866 2604.11 2.45124 0.023502 2.71072e-05 
867 2607.89 3.78052 0.0235291 2.71072e-05 
868 2610.7 2.8165 0.0235562 2.71072e-05 
869 2613.52 2.8129 0.0235833 2.71072e-05 
870 2617.82 4.30565 0.0236104 2.71072e-05 
871 2620.91 3.08988 0.0236375 2.71072e-05 
872 2623.77 2.86144 0.0236646 2.71072e-05 
873 2626.81 3.04161 0.0236917 2.71072e-05 
874 2629.73 2.92005 0.0237188 2.71072e-05 
875 2633.68 3.94416 0.0237459 2.71072e-05 
876 2636.19 2.5079 0.023773 2.71072e-05 
877 2638.71 2.52244 0.0238001 2.71072e-05 
878 2641.33 2.62004 0.0238272 2.71072e-05 
879 2643.95 2.61664 0.0238543 2.71072e-05 
880 2646.33 2.3807 0.0238815 2.71072e-05 
881 2648.84 2.51341 0.0239086 2.71072e-05 
882 2651.53 2.68745 0.0239357 2.71072e-05 
883 2654.06 2.52933 0.0239628 2.71072e-05 
884 2656.74 2.68544 0.0239899 2.71072e-05 
885 2659.09 2.34615 0.024017 2.71072e-05 
886 2661.58 2.49607 0.0240441 2.71072e-05 
887 2664.23 2.64384 0.0240712 2.71072e-05 
888 2666.63 2.39998 0.0240983 2.71072e-05 
889 2669.31 2.68394 0.0241254 2.71072e-05 
890 2672.46 3.14773 0.0241525 2.71072e-05 
891 2675.03 2.57483 0.0241796 2.71072e-05 
892 2677.43 2.39234 0.0242067 2.71072e-05 
893 2679.77 2.34279 0.0242338 2.71072e-05 
894 2682.1 2.33266 0.024261 2.71072e-05 
895 2684.41 2.30413 0.0242881 2.71072e-05 
896 2686.7 2.29115 0.0243152 2.71072e-05 
897 2688.91 2.21769 0.0243423 2.71072e-05 
898 2691.17 2.25285 0.0243694 2.71072e-05 
899 2693.49 2.32263 0.0243965 2.71072e-05 
900 2696.43 2.93854 0.0244236 2.71072e-05 
901 2698.64 2.21026 0.0244507 2.71072e-05 
902 2701.03 2.39396 0.0244778 2.71072e-05 
903 2703.3 2.26517 0.0245049 2.71072e-05 
904 2705.62 2.32503 0.024532 2.71072e-05 
905 2707.96 2.33493 0.0245591 2.71072e-05 
906 2710.23 2.26933 0.0245862 2.71072e-05 
907 2712.75 2.51962 0.0246133 2.71072e-05 
908 2719.95 7.20447 0.0246405 2.71072e-05 
909 2724.02 4.06646 0.0246676 2.71072e-05 
910 2726.35 2.33101 0.0246947 2.71072e-05 
911 2728.61 2.26294 0.0247218 2.71072e-05 
912 2731.3 2.68823 0.0247489 2.71072e-05 
913 2733.66 2.36471 0.024776 2.71072e-05 
914 2736.02 2.3589 0.0248031 2.71072e-05 
915 2738.35 2.32967 0.0248302 2.71072e-05 
916 2740.65 2.29483 0.0248573 2.71072e-05 
917 2743.09 2.44151 0.0248844 2.71072e-05 
918 2745.7 2.60954 0.0249115 2.71072e-05 
919 2748.03 2.33434 0.0249386 2.71072e-05 
920 2750.6 2.56632 0.0249657 2.71072e-05 
921 2752.99 2.38844 0.0249928 2.71072e-05 
922 2755.29 2.30495 0.02502 2.71072e-05 
923 2757.64 2.3518 0.0250471 2.71072e-05 
924 2760.22 2.57108 0.0250742 2.71072e-05 
925 2762.7 2.48384 0.0251013 2.71072e-05 
926 2765.06 2.36572 0.0251284 2.71072e-05 
927 2767.39 2.32948 0.0251555 2.71072e-05 
928 2769.61 2.21529 0.0251826 2.71072e-05 
929 2771.85 2.24071 0.0252097 2.71072e-05 
930 2774.23 2.38236 0.0252368 2.71072e-05 
931 2776.63 2.40117 0.0252639 2.71072e-05 
932 2779.08 2.44846 0.025291 2.71072e-05 
933 2781.37 2.2835 0.0253181 2.71072e-05 
934 2783.63 2.26886 0.0253452 2.71072e-05 
935 2785.94 2.30218 0.0253723 2.71072e-05 
936 2788.31 2.37162 0.0253995 2.71072e-05 
937 2790.74 2.42731 0.0254266 2.71072e-05 
938 2793.06 2.32881 0.0254537 2.71072e-05 
939 2795.35 2.28907 0.0254808 2.71072e-05 
940 2797.65 2.29518 0.0255079 2.71072e-05 
941 2799.92 2.27419 0.025535 2.71072e-05 
942 2802.35 2.42848 0.0255621 2.71072e-05 
943 2804.59 2.24256 0.0255892 2.71072e-05 
944 2806.92 2.3294 0.0256163 2.71072e-05 
945 2809.27 2.34382 0.0256434 2.71072e-05 
946 2811.62 2.35746 0.0256705 2.71072e-05 
947 2814.01 2.38336 0.0256976 2.71072e-05 
948 2816.83 2.82515 0.0257247 2.71072e-05 
949 2822.56 5.72361 0.0257518 2.71072e-05 
950 2825.49 2.93296 0.025779 2.71072e-05 
951 2828.15 2.66091 0.0258061 2.71072e-05 
952 2830.72 2.57379 0.0258332 2.71072e-05 
953 2836.15 5.42535 0.0258603 2.71072e-05 
954 2840.34 4.19411 0.0258874 2.71072e-05 
955 2843.7 3.35826 0.0259145 2.71072e-05 
956 2846.4 2.69454 0.0259416 2.71072e-05 
957 2849.3 2.90461 0.0259687 2.71072e-05 
958 2852.73 3.4251 0.0259958 2.71072e-05 
959 2856.38 3.65193 0.0260229 2.71072e-05 
960 2860.04 3.66182 0.02605 2.71072e-05 
961 2862.67 2.62709 0.0260771 2.71072e-05 
962 2865.02 2.35176 0.0261042 2.71072e-05 
963 2867.32 2.30389 0.0261314 2.71072e-05 
964 2869.87 2.54934 0.0261585 2.71072e-05 
965 2872.1 2.23255 0.0261856 2.71072e-05 
966 2874.6 2.49308 0.0262127 2.71072e-05 
967 2877.31 2.71734 0.0262398 2.71072e-05 
968 2879.76 2.4456 0.0262669 2.71072e-05 
969 2882.05 2.29372 0.026294 2.71072e-05 
970 2884.44 2.38243 0.0263211 2.71072e-05 
971 2886.94 2.49909 0.0263482 2.71072e-05 
972 2889.43 2.49474 0.0263753 2.71072e-05 
973 2891.93 2.4966 0.0264024 2.71072e-05 
974 2895.25 3.31943 0.0264295 2.71072e-05 
975 2897.74 2.49493 0.0264566 2.71072e-05 
976 2900.17 2.42534 0.0264837 2.71072e-05 
977 2903.08 2.91139 0.0265109 2.71072e-05 
978 2906.11 3.03204 0.026538 2.71072e-05 
979 2909.95 3.83561 0.0265651 2.71072e-05 
980 2912.44 2.49167 0.0265922 2.71072e-05 
981 2915.24 2.80751 0.0266193 2.71072e-05 
982 2919.37 4.1308 0.0266464 2.71072e-05 
983 2922.56 3.18384 0.0266735 2.71072e-05 
984 2926.12 3.55693 0.0267006 2.71072e-05 
985 2928.66 2.54086 0.0267277 2.71072e-05 
986 2931.26 2.60602 0.0267548 2.71072e-05 
987 2933.78 2.52231 0.0267819 2.71072e-05 
988 2936.4 2.61631 0.026809 2.71072e-05 
989 2938.99 2.59109 0.0268361 2.71072e-05 
990 2941.94 2.95217 0.0268632 2.71072e-05 
991 2944.57 2.62555 0.0268904 2.71072e-05 
992 2947.57 2.99865 0.0269175 2.71072e-05 
993 2950.15 2.58644 0.0269446 2.71072e-05 
994 2952.61 2.45873 0.0269717 2.71072e-05 
995 2959.55 6.9374 0.0269988 2.71072e-05 
996 2962.93 3.38409 0.0270259 2.71072e-05 
997 2965.33 2.39556 0.027053 2.71072e-05 
998 2967.69 2.36415 0.0270801 2.71072e-05 
999 2970.05 2.35271 0.0271072 2.71072e-05 
1000 2973.26 3.21419 0.0271343 2.71072e-05 
1001 2975.54 2.27813 0.0271614 2.71072e-05 
1002 2977.77 2.23282 0.0271885 2.71072e-05 
1003 2980.4 2.62872 0.0272156 2.71072e-05 
1004 2983.46 3.05673 0.0272427 2.71072e-05 
1005 2986.02 2.56061 0.0272699 2.71072e-05 
1006 2988.73 2.71567 0.027297 2.71072e-05 
1007 2991.3 2.562 0.0273241 2.71072e-05 
1008 2993.69 2.38986 0.0273512 2.71072e-05 
1009 2996.25 2.56727 0.0273783 2.71072e-05 
1010 2998.98 2.72459 0.0274054 2.71072e-05 
1011 3001.4 2.42282 0.0274325 2.71072e-05 
1012 3003.83 2.43159 0.0274596 2.71072e-05 
1013 3006.22 2.38701 0.0274867 2.71072e-05 
1014 3009.43 3.21495 0.0275138 2.71072e-05 
1015 3012.15 2.72027 0.0275409 2.71072e-05 
1016 3014.48 2.32341 0.027568 2.71072e-05 
1017 3016.8 2.31971 0.0275951 2.71072e-05 
1018 3020.11 3.31459 0.0276222 2.71072e-05 
1019 3022.44 2.33001 0.0276494 2.71072e-05 
1020 3024.83 2.38879 0.0276765 2.71072e-05 
1021 3027.17 2.3389 0.0277036 2.71072e-05 
1022 3029.54 2.37276 0.0277307 2.71072e-05 
1023 3031.82 2.27653 0.0277578 2.71072e-05 
1024 3034.13 2.30866 0.0277849 2.71072e-05 
1025 3036.57 2.44243 0.027812 2.71072e-05 
1026 3039.4 2.83057 0.0278391 2.71072e-05 
1027 3041.89 2.48596 0.0278662 2.71072e-05 
1028 3044.58 2.69687 0.0278933 2.71072e-05 
1029 3047.28 2.69949 0.0279204 2.71072e-05 
1030 3049.82 2.53465 0.0279475 2.71072e-05 
1031 3053.02 3.2001 0.0279746 2.71072e-05 
1032 3056.59 3.56814 0.0280017 2.71072e-05 
1033 3061.13 4.54805 0.0280289 2.71072e-05 
1034 3065.62 4.48793 0.028056 2.71072e-05 
1035 3068.01 2.38444 0.0280831 2.71072e-05 
1036 3070.6 2.59049 0.0281102 2.71072e-05 
1037 3072.96 2.35967 0.0281373 2.71072e-05 
1038 3075.39 2.43471 0.0281644 2.71072e-05 
1039 3077.69 2.30122 0.0281915 2.71072e-05 
1040 3080.99 3.29357 0.0282186 2.71072e-05 
1041 3083.9 2.91364 0.0282457 2.71072e-05 
1042 3086.28 2.38244 0.0282728 2.71072e-05 
1043 3088.77 2.48682 0.0282999 2.71072e-05 
1044 3091.31 2.54489 0.028327 2.71072e-05 
1045 3095.52 4.21192 0.0283541 2.71072e-05 
1046 3098.08 2.55345 0.0283812 2.71072e-05 
1047 3100.5 2.42019 0.0284084 2.71072e-05 
1048 3103.04 2.54436 0.0284355 2.71072e-05 
1049 3105.35 2.30758 0.0284626 2.71072e-05 
1050 3107.62 2.2742 0.0284897 2.71072e-05 
1051 3110.06 2.43132 0.0285168 2.71072e-05 
1052 3112.45 2.39568 0.0285439 2.71072e-05 
1053 3115.72 3.26818 0.028571 2.71072e-05 
1054 3118.14 2.42339 0.0285981 2.71072e-05 
1055 3120.42 2.27519 0.0286252 2.71072e-05 
1056 3122.97 2.54793 0.0286523 2.71072e-05 
1057 3125.65 2.68869 0.0286794 2.71072e-05 
1058 3129.08 3.4233 0.0287065 2.71072e-05 
1059 3131.45 2.36879 0.0287336 2.71072e-05 
1060 3133.91 2.46262 0.0287608 2.71072e-05 
1061 3136.28 2.3732 0.0287879 2.71072e-05 
1062 3138.93 2.64873 0.028815 2.71072e-05 
1063 3141.17 2.23917 0.0288421 2.71072e-05 
1064 3143.44 2.26968 0.0288692 2.71072e-05 
1065 3145.78 2.33625 0.0288963 2.71072e-05 
1066 3148.04 2.26497 0.0289234 2.71072e-05 
1067 3151.34 3.29513 0.0289505 2.71072e-05 
1068 3154.8 3.46453 0.0289776 2.71072e-05 
1069 3157.86 3.06228 0.0290047 2.71072e-05 
1070 3162.43 4.56995 0.0290318 2.71072e-05 
1071 3166.21 3.77663 0.0290589 2.71072e-05 
1072 3169.08 2.86808 0.029086 2.71072e-05 
1073 3172.01 2.93185 0.0291131 2.71072e-05 
1074 3174.89 2.87831 0.0291403 2.71072e-05 
1075 3177.27 2.38387 0.0291674 2.71072e-05 
1076 3179.77 2.49996 0.0291945 2.71072e-05 
1077 3182.54 2.76672 0.0292216 2.71072e-05 
1078 3184.84 2.3057 0.0292487 2.71072e-05 
1079 3187.13 2.28724 0.0292758 2.71072e-05 
1080 3189.58 2.45039 0.0293029 2.71072e-05 
1081 3191.91 2.32509 0.02933 2.71072e-05 
1082 3194.35 2.44813 0.0293571 2.71072e-05 
1083 3197.3 2.94545 0.0293842 2.71072e-05 
1084 3199.68 2.37921 0.0294113 2.71072e-05 
1085 3202.1 2.41951 0.0294384 2.71072e-05 
1086 3204.44 2.3436 0.0294655 2.71072e-05 
1087 3209.38 4.93616 0.0294926 2.71072e-05 
1088 3212.08 2.69698 0.0295198 2.71072e-05 
1089 3214.66 2.58147 0.0295469 2.71072e-05 
1090 3217.74 3.07832 0.029574 2.71072e-05 
1091 3220.21 2.47843 0.0296011 2.71072e-05 
1092 3222.5 2.28244 0.0296282 2.71072e-05 
1093 3224.9 2.40633 0.0296553 2.71072e-05 
1094 3227.14 2.23495 0.0296824 2.71072e-05 
1095 3229.54 2.39854 0.0297095 2.71072e-05 
1096 3232.09 2.55783 0.0297366 2.71072e-05 
1097 3235.77 3.67579 0.0297637 2.71072e-05 
1098 3239.64 3.8703 0.0297908 2.71072e-05 
1099 3242.03 2.38617 0.0298179 2.71072e-05 
1100 3245.18 3.15777 0.029845 2.71072e-05 
1101 3247.59 2.40199 0.0298721 2.71072e-05 
1102 3250.27 2.68553 0.0298993 2.71072e-05 
1103 3252.53 2.26142 0.0299264 2.71072e-05 
1104 3255.32 2.79099 0.0299535 2.71072e-05 
1105 3258.49 3.16442 0.0299806 2.71072e-05 
1106 3262.44 3.9551 0.0300077 2.71072e-05 
1107 3265.54 3.0986 0.0300348 2.71072e-05 
1108 3268.12 2.5758 0.0300619 2.71072e-05 
1109 3270.95 2.83328 0.030089 2.71072e-05 
1110 3273.29 2.3435 0.0301161 2.71072e-05 
1111 3275.67 2.37601 0.0301432 2.71072e-05 
1112 3278.64 2.96751 0.0301703 2.71072e-05 
1113 3281.85 3.21299 0.0301974 2.71072e-05 
1114 3285.24 3.38829 0.0302245 2.71072e-05 
1115 3287.61 2.37396 0.0302516 2.71072e-05 
1116 3289.99 2.37843 0.0302788 2.71072e-05 
1117 3292.59 2.59776 0.0303059 2.71072e-05 
1118 3295.09 2.50484 0.030333 2.71072e-05 
1119 3297.42 2.32583 0.0303601 2.71072e-05 
1120 3300.03 2.60574 0.0303872 2.71072e-05 
1121 3303.59 3.56069 0.0304143 2.71072e-05 
1122 3306 2.4114 0.0304414 2.71072e-05 
1123 3308.36 2.36679 0.0304685 2.71072e-05 
1124 3311.56 3.19822 0.0304956 2.71072e-05 
1125 3315.17 3.60492 0.0305227 2.71072e-05 
1126 3317.64 2.47348 0.0305498 2.71072e-05 
1127 3320.33 2.68557 0.0305769 2.71072e-05 
1128 3322.89 2.5656 0.030604 2.71072e-05 
1129 3325.38 2.48707 0.0306311 2.71072e-05 
1130 3329.55 4.16809 0.0306583 2.71072e-05 
1131 3333.76 4.21392 0.0306854 2.71072e-05 
1132 3336.65 2.89042 0.0307125 2.71072e-05 
1133 3340.14 3.48895 0.0307396 2.71072e-05 
1134 3342.89 2.75463 0.0307667 2.71072e-05 
1135 3345.38 2.48712 0.0307938 2.71072e-05 
1136 3347.64 2.25848 0.0308209 2.71072e-05 
1137 3349.92 2.27879 0.030848 2.71072e-05 
1138 3352.21 2.29558 0.0308751 2.71072e-05 
1139 3354.46 2.24831 0.0309022 2.71072e-05 
1140 3362.18 7.7147 0.0309293 2.71072e-05 
1141 3365.73 3.5549 0.0309564 2.71072e-05 
1142 3368.48 2.74806 0.0309835 2.71072e-05 
1143 3371.53 3.05204 0.0310106 2.71072e-05 
1144 3374.39 2.85664 0.0310378 2.71072e-05 
1145 3377.6 3.21573 0.0310649 2.71072e-05 
1146 3381 3.39929 0.031092 2.71072e-05 
1147 3384.17 3.166 0.0311191 2.71072e-05 
1148 3387.2 3.02713 0.0311462 2.71072e-05 
1149 3389.99 2.79514 0.0311733 2.71072e-05 
1150 3394.28 4.29059 0.0312004 2.71072e-05 
1151 3396.77 2.48569 0.0312275 2.71072e-05 
1152 3399.45 2.68582 0.0312546 2.71072e-05 
1153 3402.06 2.60139 0.0312817 2.71072e-05 
1154 3404.42 2.36577 0.0313088 2.71072e-05 
1155 3406.98 2.56312 0.0313359 2.71072e-05 
1156 3409.41 2.42849 0.031363 2.71072e-05 
1157 3411.74 2.33182 0.0313901 2.71072e-05 
1158 3414.31 2.5665 0.0314173 2.71072e-05 
1159 3417.77 3.45894 0.0314444 2.71072e-05 
1160 3419.98 2.2126 0.0314715 2.71072e-05 
1161 3422.31 2.32822 0.0314986 2.71072e-05 
1162 3424.69 2.3777 0.0315257 2.71072e-05 
1163 3426.96 2.27495 0.0315528 2.71072e-05 
1164 3429.63 2.66278 0.0315799 2.71072e-05 
1165 3432.56 2.93736 0.031607 2.71072e-05 
1166 3434.86 2.29573 0.0316341 2.71072e-05 
1167 3437.28 2.41882 0.0316612 2.71072e-05 
1168 3440.11 2.83406 0.0316883 2.71072e-05 
1169 3442.52 2.40656 0.0317154 2.71072e-05 
1170 3445.01 2.4898 0.0317425 2.71072e-05 
1171 3447.27 2.2615 0.0317697 2.71072e-05 
