19 3 -1 3 0 
18 3 -1 3 0 
17 3 -1 3 0 
16 3 -1 3 0 
15 3 -1 3 0 
14 3 -1 3 0 
13 3 -1 3 0 
12 3 -1 3 0 
11 3 -1 3 0 
10 3 -1 3 0 
9 3 -1 3 0 
8 3 -1 3 0 
7 3 -1 3 0 
6 3 -1 3 0 
5 3 -1 3 0 
4 3 -1 3 0 
3 3 -1 3 0 
2 3 -1 3 0 
1 3 -1 3 0 
0 3 -1 3 0 
0 0 1 0 1 
20 0 1 0 1 
40 0 1 0 1 
60 0 1 0 1 
80 0 1 0 1 
100 0 1 0 1 
120 0 1 0 1 
140 0 1 0 1 
160 0 1 0 1 
180 0 1 0 1 
200 0 1 0 1 
220 0 1 0 1 
240 0 1 0 1 
260 0 1 0 1 
280 0 1 0 1 
300 0 1 0 1 
320 0 1 0 1 
340 0 1 0 1 
360 0 1 0 1 
380 0 1 0 1 
400 0 1 0 1 
420 0 1 0 1 
440 0 1 0 1 
460 0 1 0 1 
480 0 1 0 1 
500 0 1 0 1 
520 0 1 0 1 
540 0 1 0 1 
560 0 1 0 1 
580 0 1 0 1 
600 0 1 0 1 
620 0 1 0 1 
640 0 1 0 1 
660 0 1 0 1 
680 0 1 0 1 
700 0 1 0 1 
720 0 1 0 1 
740 0 1 0 1 
760 0 1 0 1 
780 0 1 0 1 
800 0 1 0 1 
820 0 1 0 1 
840 0 1 0 1 
860 0 1 0 1 
880 0 1 0 1 
900 0 1 0 1 
920 0 1 0 1 
940 0 1 0 1 
960 0 1 0 1 
980 0 1 0 1 
1000 0 1 0 1 
1020 0 1 0 1 
1040 0 1 0 1 
1060 0 1 0 1 
1080 0 1 0 1 
1100 0 1 0 1 
1120 0 1 0 1 
1140 0 1 0 1 
1160 0 1 0 1 
1180 0 1 0 1 
1200 0 1 0 1 
1220 0 1 0 1 
1240 0 1 0 1 
1260 0 1 0 1 
1280 0 1 0 1 
1300 0 1 0 1 
1320 0 1 0 1 
1340 0 1 0 1 
1360 0 1 0 1 
1380 0 1 0 1 
1400 0 1 0 1 
1420 0 1 0 1 
1440 0 1 0 1 
1460 0 1 0 1 
1480 0 1 0 1 
1500 0 1 0 1 
1520 0 1 0 1 
1540 0 1 0 1 
1560 0 1 0 1 
1580 0 1 0 1 
1600 0 1 0 1 
1620 0 1 0 1 
1640 0 1 0 1 
1660 0 1 0 1 
1680 0 1 0 1 
1700 0 1 0 1 
1720 0 1 0 1 
1740 0 1 0 1 
1760 0 1 0 1 
1780 0 1 0 1 
1800 0 1 0 1 
1820 0 1 0 1 
1840 0 1 0 1 
1860 0 1 0 1 
1880 0 1 0 1 
1900 0 1 0 1 
1920 0 1 0 1 
1940 0 1 0 1 
1960 0 1 0 1 
1980 0 1 0 1 
2000 0 1 0 1 
2020 0 1 0 1 
2040 0 1 0 1 
2060 0 1 0 1 
2080 0 1 0 1 
2100 0 1 0 1 
2120 0 1 0 1 
2140 0 1 0 1 
2160 0 1 0 1 
2180 0 1 0 1 
2200 0 1 0 1 
2220 0 1 0 1 
2240 0 1 0 1 
2260 0 1 0 1 
2280 0 1 0 1 
2300 0 1 0 1 
2320 0 1 0 1 
2340 0 1 0 1 
2360 0 1 0 1 
2380 0 1 0 1 
2400 0 1 0 1 
2440 0 1 0 1 
2480 0 1 0 1 
2520 0 1 0 1 
2560 0 1 0 1 
2600 0 1 0 1 
2640 0 1 0 1 
2680 0 1 0 1 
2720 0 1 0 1 
2760 0 1 0 1 
2800 0 1 0 1 
2840 0 1 0 1 
2880 0 1 0 1 
2920 0 1 0 1 
2960 0 1 0 1 
3000 0 1 0 1 
3040 0 1 0 1 
3080 0 1 0 1 
3120 0 1 0 1 
3160 0 1 0 1 
3200 0 1 0 1 
3240 0 1 0 1 
3280 0 1 0 1 
3320 0 1 0 1 
3360 0 1 0 1 
3400 0 1 0 1 
3440 0 1 0 1 
3480 0 1 0 1 
3520 0 1 0 1 
3560 0 1 0 1 
3600 0 1 0 1 
3640 0 1 0 1 
3680 0 1 0 1 
3720 0 1 0 1 
3760 0 1 0 1 
3800 0 1 0 1 
3840 0 1 0 1 
3880 0 1 0 1 
3920 0 1 0 1 
3960 0 1 0 1 
4000 0 1 0 1 
4040 0 1 0 1 
4080 0 1 0 1 
4120 0 1 0 1 
4160 0 1 0 1 
4200 0 1 0 1 
4240 0 1 0 1 
4280 0 1 0 1 
4320 0 1 0 1 
4360 0 1 0 1 
4400 0 1 0 1 
4440 0 1 0 1 
4480 0 1 0 1 
4520 0 1 0 1 
4560 0 1 0 1 
4600 0 1 0 1 
4640 0 1 0 1 
4680 0 1 0 1 
4720 0 1 0 1 
4760 0 1 0 1 
4800 0 1 0 1 
4840 0 1 0 1 
4880 0 1 0 1 
4920 0 1 0 1 
4960 0 1 0 1 
5000 0 1 0 1 
5040 0 1 0 1 
5080 0 1 0 1 
5120 0 1 0 1 
5160 0 1 0 1 
5200 0 1 0 1 
5240 0 1 0 1 
5280 0 1 0 1 
5320 0 1 0 1 
5360 0 1 0 1 
5400 0 1 0 1 
5440 0 1 0 1 
5480 0 1 0 1 
5520 0 1 0 1 
5560 0 1 0 1 
5600 0 1 0 1 
5640 0 1 0 1 
5680 0 1 0 1 
5720 0 1 0 1 
5760 0 1 0 1 
5800 0 1 0 1 
5840 0 1 0 1 
5880 0 1 0 1 
5920 0 1 0 1 
5960 0 1 0 1 
6000 0 1 0 1 
6040 0 1 0 1 
6080 0 1 0 1 
6120 0 1 0 1 
6160 0 1 0 1 
6200 0 1 0 1 
6240 0 1 0 1 
6280 0 1 0 1 
6320 0 1 0 1 
6360 0 1 0 1 
6400 0 1 0 1 
6440 0 1 0 1 
6480 0 1 0 1 
6520 0 1 0 1 
6560 0 1 0 1 
6600 0 1 0 1 
6640 0 1 0 1 
6680 0 1 0 1 
6720 0 1 0 1 
6760 0 1 0 1 
6800 0 1 0 1 
6840 0 1 0 1 
6880 0 1 0 1 
6920 0 1 0 1 
6960 0 1 0 1 
7000 0 1 0 1 
7040 0 1 0 1 
7080 0 1 0 1 
7120 0 1 0 1 
7160 0 1 0 1 
7200 0 1 0 1 
7240 0 1 0 1 
7280 0 1 0 1 
7320 0 1 0 1 
7360 0 1 0 1 
7400 0 1 0 1 
7440 0 1 0 1 
7480 0 1 0 1 
7520 0 1 0 1 
7560 0 1 0 1 
7600 0 1 0 1 
7640 0 1 0 1 
7680 0 1 0 1 
7720 0 1 0 1 
7760 0 1 0 1 
7800 0 1 0 1 
7840 0 1 0 1 
7880 0 1 0 1 
7920 0 1 0 1 
7960 0 1 0 1 
8000 0 1 0 1 
8040 0 1 0 1 
8080 0 1 0 1 
8120 0 1 0 1 
8160 0 1 0 1 
8200 0 1 0 1 
8240 0 1 0 1 
8280 0 1 0 1 
8320 0 1 0 1 
8360 0 1 0 1 
8400 0 1 0 1 
8440 0 1 0 1 
8480 0 1 0 1 
8520 0 1 0 1 
8560 0 1 0 1 
8600 0 1 0 1 
8640 0 1 0 1 
8680 0 1 0 1 
8720 0 1 0 1 
8760 0 1 0 1 
8800 0 1 0 1 
8840 0 1 0 1 
8880 0 1 0 1 
8920 0 1 0 1 
8960 0 1 0 1 
9000 0 1 0 1 
9040 0 1 0 1 
9080 0 1 0 1 
9120 0 1 0 1 
9160 0 1 0 1 
9200 0 1 0 1 
9240 0 1 0 1 
9280 0 1 0 1 
9320 0 1 0 1 
9360 0 1 0 1 
9400 0 1 0 1 
9440 0 1 0 1 
9480 0 1 0 1 
9520 0 1 0 1 
9560 0 1 0 1 
9600 0 1 0 1 
9640 0 1 0 1 
9680 0 1 0 1 
9720 0 1 0 1 
9760 0 1 0 1 
9800 0 1 0 1 
9840 0 1 0 1 
9880 0 1 0 1 
9920 0 1 0 1 
9960 0 1 0 1 
10000 0 1 0 1 
10040 0 1 0 1 
10080 0 1 0 1 
10120 0 1 0 1 
10160 0 1 0 1 
10200 0 1 0 1 
10240 0 1 0 1 
10280 0 1 0 1 
10320 0 1 0 1 
10360 0 1 0 1 
10400 0 1 0 1 
10440 0 1 0 1 
10480 0 1 0 1 
10520 0 1 0 1 
10560 0 1 0 1 
10600 0 1 0 1 
10640 0 1 0 1 
10680 0 1 0 1 
10720 0 1 0 1 
10760 0 1 0 1 
10800 0 1 0 1 
10840 0 1 0 1 
10880 0 1 0 1 
10920 0 1 0 1 
10960 0 1 0 1 
11000 0 1 0 1 
11040 0 1 0 1 
11080 0 1 0 1 
11120 0 1 0 1 
11160 0 1 0 1 
11200 0 1 0 1 
11240 0 1 0 1 
11280 0 1 0 1 
11320 0 1 0 1 
11360 0 1 0 1 
11400 0 1 0 1 
11440 0 1 0 1 
11480 0 1 0 1 
11520 0 1 0 1 
11560 0 1 0 1 
11600 0 1 0 1 
11640 0 1 0 1 
11680 0 1 0 1 
11720 0 1 0 1 
11760 0 1 0 1 
11800 0 1 0 1 
11840 0 1 0 1 
11880 0 1 0 1 
11920 0 1 0 1 
11960 0 1 0 1 
12000 0 1 0 1 
12040 0 1 0 1 
12080 0 1 0 1 
12120 0 1 0 1 
12160 0 1 0 1 
12200 0 1 0 1 
12240 0 1 0 1 
12280 0 1 0 1 
12320 0 1 0 1 
12360 0 1 0 1 
12400 0 1 0 1 
12440 0 1 0 1 
12480 0 1 0 1 
12520 0 1 0 1 
12560 0 1 0 1 
12600 0 1 0 1 
12640 0 1 0 1 
12680 0 1 0 1 
12720 0 1 0 1 
12760 0 1 0 1 
12800 0 1 0 1 
12840 0 1 0 1 
12880 0 1 0 1 
12920 0 1 0 1 
12960 0 1 0 1 
13000 0 1 0 1 
13040 0 1 0 1 
13080 0 1 0 1 
13120 0 1 0 1 
13160 0 1 0 1 
13200 0 1 0 1 
13240 0 1 0 1 
13280 0 1 0 1 
13320 0 1 0 1 
13360 0 1 0 1 
13400 0 1 0 1 
13440 0 1 0 1 
13480 0 1 0 1 
13520 0 1 0 1 
13560 0 1 0 1 
13600 0 1 0 1 
13640 0 1 0 1 
13680 0 1 0 1 
13720 0 1 0 1 
13760 0 1 0 1 
13800 0 1 0 1 
13840 0 1 0 1 
13880 0 1 0 1 
13920 0 1 0 1 
13960 0 1 0 1 
14000 0 1 0 1 
14040 0 1 0 1 
14080 0 1 0 1 
14120 0 1 0 1 
14160 0 1 0 1 
14200 0 1 0 1 
14240 0 1 0 1 
14280 0 1 0 1 
14320 0 1 0 1 
14360 0 1 0 1 
14400 0 1 0 1 
14440 0 1 0 1 
14480 0 1 0 1 
14520 0 1 0 1 
14560 0 1 0 1 
14600 0 1 0 1 
14640 0 1 0 1 
14680 0 1 0 1 
14720 0 1 0 1 
14760 0 1 0 1 
14800 0 1 0 1 
14840 0 1 0 1 
14880 0 1 0 1 
14920 0 1 0 1 
14960 0 1 0 1 
15000 0 1 0 1 
15040 0 1 0 1 
15080 0 1 0 1 
15120 0 1 0 1 
15160 0 1 0 1 
15200 0 1 0 1 
15240 0 1 0 1 
15280 0 1 0 1 
15320 0 1 0 1 
15360 0 1 0 1 
15400 0 1 0 1 
15440 0 1 0 1 
15480 0 1 0 1 
15520 0 1 0 1 
15560 0 1 0 1 
15600 0 1 0 1 
15640 0 1 0 1 
15680 0 1 0 1 
15720 0 1 0 1 
15760 0 1 0 1 
15800 0 1 0 1 
15840 0 1 0 1 
15880 0 1 0 1 
15920 0 1 0 1 
15960 0 1 0 1 
16000 0 1 0 1 
16040 0 1 0 1 
16080 0 1 0 1 
16120 0 1 0 1 
16160 0 1 0 1 
16200 0 1 0 1 
16240 0 1 0 1 
16280 0 1 0 1 
16320 0 1 0 1 
16360 0 1 0 1 
16400 0 1 0 1 
16440 0 1 0 1 
16480 0 1 0 1 
16520 0 1 0 1 
16560 0 1 0 1 
16600 0 1 0 1 
16640 0 1 0 1 
16680 0 1 0 1 
16720 0 1 0 1 
16760 0 1 0 1 
16800 0 1 0 1 
16840 0 1 0 1 
16880 0 1 0 1 
16920 0 1 0 1 
16960 0 1 0 1 
17000 0 1 0 1 
17040 0 1 0 1 
17080 0 1 0 1 
17120 0 1 0 1 
17160 0 1 0 1 
17200 0 1 0 1 
17240 0 1 0 1 
17280 0 1 0 1 
17320 0 1 0 1 
17360 0 1 0 1 
17400 0 1 0 1 
17440 0 1 0 1 
17480 0 1 0 1 
17520 0 1 0 1 
17560 0 1 0 1 
17600 0 1 0 1 
17640 0 1 0 1 
17680 0 1 0 1 
17720 0 1 0 1 
17760 0 1 0 1 
17800 0 1 0 1 
17840 0 1 0 1 
17880 0 1 0 1 
17920 0 1 0 1 
17960 0 1 0 1 
18000 0 1 0 1 
18040 0 1 0 1 
18080 0 1 0 1 
18120 0 1 0 1 
18160 0 1 0 1 
18200 0 1 0 1 
18240 0 1 0 1 
18280 0 1 0 1 
18320 0 1 0 1 
18360 0 1 0 1 
18360 1 6 1 2 
18361 1 6 1 2 
18362 1 6 1 2 
18363 1 6 1 2 
18364 1 6 1 2 
18365 1 6 1 2 
18366 1 6 1 2 
18367 1 6 1 2 
18368 1 6 1 2 
18369 1 6 1 2 
18370 1 6 1 2 
18371 1 6 1 2 
18372 1 6 1 2 
18373 1 6 1 2 
18374 1 6 1 2 
18375 1 6 1 2 
18376 1 6 1 2 
18377 1 6 1 2 
18378 1 6 1 2 
18379 1 6 1 2 
18380 1 6 1 2 
18381 1 6 1 2 
18382 1 6 1 2 
18383 1 6 1 2 
18384 1 6 1 2 
18385 1 6 1 2 
18386 1 6 1 2 
18387 1 6 1 2 
18388 1 6 1 2 
18389 1 6 1 2 
18390 1 6 1 2 
18391 1 6 1 2 
18392 1 6 1 2 
18393 1 6 1 2 
18394 1 6 1 2 
18395 1 6 1 2 
18396 1 6 1 2 
18397 1 6 1 2 
18398 1 6 1 2 
18399 1 6 1 2 
18399 2 1 2 3 
18359 2 1 2 3 
18319 2 1 2 3 
18279 2 1 2 3 
18239 2 1 2 3 
18199 2 1 2 3 
18159 2 1 2 3 
18119 2 1 2 3 
18079 2 1 2 3 
18039 2 1 2 3 
17999 2 1 2 3 
17959 2 1 2 3 
17919 2 1 2 3 
17879 2 1 2 3 
17839 2 1 2 3 
17799 2 1 2 3 
17759 2 1 2 3 
17719 2 1 2 3 
17679 2 1 2 3 
17639 2 1 2 3 
17599 2 1 2 3 
17559 2 1 2 3 
17519 2 1 2 3 
17479 2 1 2 3 
17439 2 1 2 3 
17399 2 1 2 3 
17359 2 1 2 3 
17319 2 1 2 3 
17279 2 1 2 3 
17239 2 1 2 3 
17199 2 1 2 3 
17159 2 1 2 3 
17119 2 1 2 3 
17079 2 1 2 3 
17039 2 1 2 3 
16999 2 1 2 3 
16959 2 1 2 3 
16919 2 1 2 3 
16879 2 1 2 3 
16839 2 1 2 3 
16799 2 1 2 3 
16759 2 1 2 3 
16719 2 1 2 3 
16679 2 1 2 3 
16639 2 1 2 3 
16599 2 1 2 3 
16559 2 1 2 3 
16519 2 1 2 3 
16479 2 1 2 3 
16439 2 1 2 3 
16399 2 1 2 3 
16359 2 1 2 3 
16319 2 1 2 3 
16279 2 1 2 3 
16239 2 1 2 3 
16199 2 1 2 3 
16159 2 1 2 3 
16119 2 1 2 3 
16079 2 1 2 3 
16039 2 1 2 3 
15999 2 1 2 3 
15959 2 1 2 3 
15919 2 1 2 3 
15879 2 1 2 3 
15839 2 1 2 3 
15799 2 1 2 3 
15759 2 1 2 3 
15719 2 1 2 3 
15679 2 1 2 3 
15639 2 1 2 3 
15599 2 1 2 3 
15559 2 1 2 3 
15519 2 1 2 3 
15479 2 1 2 3 
15439 2 1 2 3 
15399 2 1 2 3 
15359 2 1 2 3 
15319 2 1 2 3 
15279 2 1 2 3 
15239 2 1 2 3 
15199 2 1 2 3 
15159 2 1 2 3 
15119 2 1 2 3 
15079 2 1 2 3 
15039 2 1 2 3 
14999 2 1 2 3 
14959 2 1 2 3 
14919 2 1 2 3 
14879 2 1 2 3 
14839 2 1 2 3 
14799 2 1 2 3 
14759 2 1 2 3 
14719 2 1 2 3 
14679 2 1 2 3 
14639 2 1 2 3 
14599 2 1 2 3 
14559 2 1 2 3 
14519 2 1 2 3 
14479 2 1 2 3 
14439 2 1 2 3 
14399 2 1 2 3 
14359 2 1 2 3 
14319 2 1 2 3 
14279 2 1 2 3 
14239 2 1 2 3 
14199 2 1 2 3 
14159 2 1 2 3 
14119 2 1 2 3 
14079 2 1 2 3 
14039 2 1 2 3 
13999 2 1 2 3 
13959 2 1 2 3 
13919 2 1 2 3 
13879 2 1 2 3 
13839 2 1 2 3 
13799 2 1 2 3 
13759 2 1 2 3 
13719 2 1 2 3 
13679 2 1 2 3 
13639 2 1 2 3 
13599 2 1 2 3 
13559 2 1 2 3 
13519 2 1 2 3 
13479 2 1 2 3 
13439 2 1 2 3 
13399 2 1 2 3 
13359 2 1 2 3 
13319 2 1 2 3 
13279 2 1 2 3 
13239 2 1 2 3 
13199 2 1 2 3 
13159 2 1 2 3 
13119 2 1 2 3 
13079 2 1 2 3 
13039 2 1 2 3 
12999 2 1 2 3 
12959 2 1 2 3 
12919 2 1 2 3 
12879 2 1 2 3 
12839 2 1 2 3 
12799 2 1 2 3 
12759 2 1 2 3 
12719 2 1 2 3 
12679 2 1 2 3 
12639 2 1 2 3 
12599 2 1 2 3 
12559 2 1 2 3 
12519 2 1 2 3 
12479 2 1 2 3 
12439 2 1 2 3 
12399 2 1 2 3 
12359 2 1 2 3 
12319 2 1 2 3 
12279 2 1 2 3 
12239 2 1 2 3 
12199 2 1 2 3 
12159 2 1 2 3 
12119 2 1 2 3 
12079 2 1 2 3 
12039 2 1 2 3 
11999 2 1 2 3 
11959 2 1 2 3 
11919 2 1 2 3 
11879 2 1 2 3 
11839 2 1 2 3 
11799 2 1 2 3 
11759 2 1 2 3 
11719 2 1 2 3 
11679 2 1 2 3 
11639 2 1 2 3 
11599 2 1 2 3 
11559 2 1 2 3 
11519 2 1 2 3 
11479 2 1 2 3 
11439 2 1 2 3 
11399 2 1 2 3 
11359 2 1 2 3 
11319 2 1 2 3 
11279 2 1 2 3 
11239 2 1 2 3 
11199 2 1 2 3 
11159 2 1 2 3 
11119 2 1 2 3 
11079 2 1 2 3 
11039 2 1 2 3 
10999 2 1 2 3 
10959 2 1 2 3 
10919 2 1 2 3 
10879 2 1 2 3 
10839 2 1 2 3 
10799 2 1 2 3 
10759 2 1 2 3 
10719 2 1 2 3 
10679 2 1 2 3 
10639 2 1 2 3 
10599 2 1 2 3 
10559 2 1 2 3 
10519 2 1 2 3 
10479 2 1 2 3 
10439 2 1 2 3 
10399 2 1 2 3 
10359 2 1 2 3 
10319 2 1 2 3 
10279 2 1 2 3 
10239 2 1 2 3 
10199 2 1 2 3 
10159 2 1 2 3 
10119 2 1 2 3 
10079 2 1 2 3 
10039 2 1 2 3 
9999 2 1 2 3 
9959 2 1 2 3 
9919 2 1 2 3 
9879 2 1 2 3 
9839 2 1 2 3 
9799 2 1 2 3 
9759 2 1 2 3 
9719 2 1 2 3 
9679 2 1 2 3 
9639 2 1 2 3 
9599 2 1 2 3 
9559 2 1 2 3 
9519 2 1 2 3 
9479 2 1 2 3 
9439 2 1 2 3 
9399 2 1 2 3 
9359 2 1 2 3 
9319 2 1 2 3 
9279 2 1 2 3 
9239 2 1 2 3 
9199 2 1 2 3 
9159 2 1 2 3 
9119 2 1 2 3 
9079 2 1 2 3 
9039 2 1 2 3 
8999 2 1 2 3 
8959 2 1 2 3 
8919 2 1 2 3 
8879 2 1 2 3 
8839 2 1 2 3 
8799 2 1 2 3 
8759 2 1 2 3 
8719 2 1 2 3 
8679 2 1 2 3 
8639 2 1 2 3 
8599 2 1 2 3 
8559 2 1 2 3 
8519 2 1 2 3 
8479 2 1 2 3 
8439 2 1 2 3 
8399 2 1 2 3 
8359 2 1 2 3 
8319 2 1 2 3 
8279 2 1 2 3 
8239 2 1 2 3 
8199 2 1 2 3 
8159 2 1 2 3 
8119 2 1 2 3 
8079 2 1 2 3 
8039 2 1 2 3 
7999 2 1 2 3 
7959 2 1 2 3 
7919 2 1 2 3 
7879 2 1 2 3 
7839 2 1 2 3 
7799 2 1 2 3 
7759 2 1 2 3 
7719 2 1 2 3 
7679 2 1 2 3 
7639 2 1 2 3 
7599 2 1 2 3 
7559 2 1 2 3 
7519 2 1 2 3 
7479 2 1 2 3 
7439 2 1 2 3 
7399 2 1 2 3 
7359 2 1 2 3 
7319 2 1 2 3 
7279 2 1 2 3 
7239 2 1 2 3 
7199 2 1 2 3 
7159 2 1 2 3 
7119 2 1 2 3 
7079 2 1 2 3 
7039 2 1 2 3 
6999 2 1 2 3 
6959 2 1 2 3 
6919 2 1 2 3 
6879 2 1 2 3 
6839 2 1 2 3 
6799 2 1 2 3 
6759 2 1 2 3 
6719 2 1 2 3 
6679 2 1 2 3 
6639 2 1 2 3 
6599 2 1 2 3 
6559 2 1 2 3 
6519 2 1 2 3 
6479 2 1 2 3 
6439 2 1 2 3 
6399 2 1 2 3 
6359 2 1 2 3 
6319 2 1 2 3 
6279 2 1 2 3 
6239 2 1 2 3 
6199 2 1 2 3 
6159 2 1 2 3 
6119 2 1 2 3 
6079 2 1 2 3 
6039 2 1 2 3 
5999 2 1 2 3 
5959 2 1 2 3 
5919 2 1 2 3 
5879 2 1 2 3 
5839 2 1 2 3 
5799 2 1 2 3 
5759 2 1 2 3 
5719 2 1 2 3 
5679 2 1 2 3 
5639 2 1 2 3 
5599 2 1 2 3 
5559 2 1 2 3 
5519 2 1 2 3 
5479 2 1 2 3 
5439 2 1 2 3 
5399 2 1 2 3 
5359 2 1 2 3 
5319 2 1 2 3 
5279 2 1 2 3 
5239 2 1 2 3 
5199 2 1 2 3 
5159 2 1 2 3 
5119 2 1 2 3 
5079 2 1 2 3 
5039 2 1 2 3 
4999 2 1 2 3 
4959 2 1 2 3 
4919 2 1 2 3 
4879 2 1 2 3 
4839 2 1 2 3 
4799 2 1 2 3 
4759 2 1 2 3 
4719 2 1 2 3 
4679 2 1 2 3 
4639 2 1 2 3 
4599 2 1 2 3 
4559 2 1 2 3 
4519 2 1 2 3 
4479 2 1 2 3 
4439 2 1 2 3 
4399 2 1 2 3 
4359 2 1 2 3 
4319 2 1 2 3 
4279 2 1 2 3 
4239 2 1 2 3 
4199 2 1 2 3 
4159 2 1 2 3 
4119 2 1 2 3 
4079 2 1 2 3 
4039 2 1 2 3 
3999 2 1 2 3 
3959 2 1 2 3 
3919 2 1 2 3 
3879 2 1 2 3 
3839 2 1 2 3 
3799 2 1 2 3 
3759 2 1 2 3 
3719 2 1 2 3 
3679 2 1 2 3 
3639 2 1 2 3 
3599 2 1 2 3 
3559 2 1 2 3 
3519 2 1 2 3 
3479 2 1 2 3 
3439 2 1 2 3 
3399 2 1 2 3 
3359 2 1 2 3 
3319 2 1 2 3 
3279 2 1 2 3 
3239 2 1 2 3 
3199 2 1 2 3 
3159 2 1 2 3 
3119 2 1 2 3 
3079 2 1 2 3 
3039 2 1 2 3 
2999 2 1 2 3 
2959 2 1 2 3 
2919 2 1 2 3 
2879 2 1 2 3 
2839 2 1 2 3 
2799 2 1 2 3 
2759 2 1 2 3 
2719 2 1 2 3 
2679 2 1 2 3 
2639 2 1 2 3 
2599 2 1 2 3 
2559 2 1 2 3 
2519 2 1 2 3 
2479 2 1 2 3 
2439 2 1 2 3 
2399 2 1 2 3 
2379 2 1 2 3 
2359 2 1 2 3 
2339 2 1 2 3 
2319 2 1 2 3 
2299 2 1 2 3 
2279 2 1 2 3 
2259 2 1 2 3 
2239 2 1 2 3 
2219 2 1 2 3 
2199 2 1 2 3 
2179 2 1 2 3 
2159 2 1 2 3 
2139 2 1 2 3 
2119 2 1 2 3 
2099 2 1 2 3 
2079 2 1 2 3 
2059 2 1 2 3 
2039 2 1 2 3 
2019 2 1 2 3 
1999 2 1 2 3 
1979 2 1 2 3 
1959 2 1 2 3 
1939 2 1 2 3 
1919 2 1 2 3 
1899 2 1 2 3 
1879 2 1 2 3 
1859 2 1 2 3 
1839 2 1 2 3 
1819 2 1 2 3 
1799 2 1 2 3 
1779 2 1 2 3 
1759 2 1 2 3 
1739 2 1 2 3 
1719 2 1 2 3 
1699 2 1 2 3 
1679 2 1 2 3 
1659 2 1 2 3 
1639 2 1 2 3 
1619 2 1 2 3 
1599 2 1 2 3 
1579 2 1 2 3 
1559 2 1 2 3 
1539 2 1 2 3 
1519 2 1 2 3 
1499 2 1 2 3 
1479 2 1 2 3 
1459 2 1 2 3 
1439 2 1 2 3 
1419 2 1 2 3 
1399 2 1 2 3 
1379 2 1 2 3 
1359 2 1 2 3 
1339 2 1 2 3 
1319 2 1 2 3 
1299 2 1 2 3 
1279 2 1 2 3 
1259 2 1 2 3 
1239 2 1 2 3 
1219 2 1 2 3 
1199 2 1 2 3 
1179 2 1 2 3 
1159 2 1 2 3 
1139 2 1 2 3 
1119 2 1 2 3 
1099 2 1 2 3 
1079 2 1 2 3 
1059 2 1 2 3 
1039 2 1 2 3 
1019 2 1 2 3 
999 2 1 2 3 
979 2 1 2 3 
959 2 1 2 3 
939 2 1 2 3 
919 2 1 2 3 
899 2 1 2 3 
879 2 1 2 3 
859 2 1 2 3 
839 2 1 2 3 
819 2 1 2 3 
799 2 1 2 3 
779 2 1 2 3 
759 2 1 2 3 
739 2 1 2 3 
719 2 1 2 3 
699 2 1 2 3 
679 2 1 2 3 
659 2 1 2 3 
639 2 1 2 3 
619 2 1 2 3 
599 2 1 2 3 
579 2 1 2 3 
559 2 1 2 3 
539 2 1 2 3 
519 2 1 2 3 
499 2 1 2 3 
479 2 1 2 3 
459 2 1 2 3 
439 2 1 2 3 
419 2 1 2 3 
399 2 1 2 3 
379 2 1 2 3 
359 2 1 2 3 
339 2 1 2 3 
319 2 1 2 3 
299 2 1 2 3 
279 2 1 2 3 
259 2 1 2 3 
239 2 1 2 3 
219 2 1 2 3 
199 2 1 2 3 
179 2 1 2 3 
159 2 1 2 3 
139 2 1 2 3 
119 2 1 2 3 
99 2 1 2 3 
79 2 1 2 3 
59 2 1 2 3 
39 2 1 2 3 
19 2 1 2 3 
2400 3 11 3 0
2401 3 11 3 0
2402 3 11 3 0
2403 3 11 3 0
2404 3 11 3 0
2405 3 11 3 0
2406 3 11 3 0
2407 3 11 3 0
2408 3 11 3 0
2409 3 11 3 0
2410 3 11 3 0
2411 3 11 3 0
2412 3 11 3 0
2413 3 11 3 0
2414 3 11 3 0
2415 3 11 3 0
2416 3 11 3 0
2417 3 11 3 0
2418 3 11 3 0
2419 3 11 3 0