1
elemin, elemax, nodemin, nodemax, nedgenode_l, nedgenode_r, NodeIteratorMin, NodeIteratorMax
0 18400 0 18960 0 0 0 18960
2
elemin, elemax, nodemin, nodemax, nedgenode_l, nedgenode_r, NodeIteratorMin, NodeIteratorMax
0 9200 0 9530 0 41 0 9489
9200 18400 9490 18960 41 0 9490 18960
3
elemin, elemax, nodemin, nodemax, nedgenode_l, nedgenode_r, NodeIteratorMin, NodeIteratorMax
0 6133 0 6387 0 42 0 6345
6133 12266 6346 12673 42 42 6346 12631
12266 18400 12632 18960 42 0 12632 18960
4
elemin, elemax, nodemin, nodemax, nedgenode_l, nedgenode_r, NodeIteratorMin, NodeIteratorMax
0 4600 0 4815 0 41 0 4774
4600 9200 4775 9530 41 41 4775 9489
9200 13800 9490 14245 41 41 9490 14204
13800 18400 14205 18960 41 0 14205 18960
5
elemin, elemax, nodemin, nodemax, nedgenode_l, nedgenode_r, NodeIteratorMin, NodeIteratorMax
0 3680 0 3872 0 41 0 3831
3680 7360 3832 7644 41 41 3832 7603
7360 11040 7604 11416 41 41 7604 11375
11040 14720 11376 15188 41 41 11376 15147
14720 18400 15148 18960 41 0 15148 18960
6
elemin, elemax, nodemin, nodemax, nedgenode_l, nedgenode_r, NodeIteratorMin, NodeIteratorMax
0 3066 0 3243 0 42 0 3201
3066 6132 3202 6386 42 42 3202 6344
6132 9198 6345 9528 42 42 6345 9486
9198 12264 9487 12671 42 42 9487 12629
12264 15330 12630 15814 42 42 12630 15772
15330 18400 15773 18960 42 0 15773 18960
7
elemin, elemax, nodemin, nodemax, nedgenode_l, nedgenode_r, NodeIteratorMin, NodeIteratorMax
0 2628 0 2794 0 42 0 2752
2628 5256 2753 5488 42 42 2753 5446
5256 7884 5447 8182 42 42 5447 8140
7884 10512 8141 10875 42 42 8141 10833
10512 13140 10834 13569 42 42 10834 13527
13140 15768 13528 16263 42 42 13528 16221
15768 18400 16222 18960 42 0 16222 18960
8
elemin, elemax, nodemin, nodemax, nedgenode_l, nedgenode_r, NodeIteratorMin, NodeIteratorMax
0 2300 0 2435 0 21 0 2414
2300 4600 2415 4815 21 41 2415 4774
4600 6900 4775 7173 41 42 4775 7131
6900 9200 7132 9530 42 41 7132 9489
9200 11500 9490 11888 41 42 9490 11846
11500 13800 11847 14245 42 41 11847 14204
13800 16100 14205 16603 41 42 14205 16561
16100 18400 16562 18960 42 0 16562 18960
