0	1	1	1	2	
149	1	1	1	2	
298	1	1	1	2	
447	1	1	1	2	
596	1	1	1	2	
745	1	1	1	2	
894	1	1	1	2	
1043	1	1	1	2	
1192	1	1	1	2	
1341	1	1	1	2	
1490	1	1	1	2	
1639	1	1	1	2	
1788	1	1	1	2	
1937	1	1	1	2	
2086	1	1	1	2	
2235	1	1	1	2	
2384	1	1	1	2	
2533	1	1	1	2	
2682	1	1	1	2	
2831	1	1	1	2	
2980	1	1	1	2	
3129	1	1	1	2	
3278	1	1	1	2	
3427	1	1	1	2	
3576	1	1	1	2	
3725	1	1	1	2	
3874	1	1	1	2	
4023	1	1	1	2	
4172	1	1	1	2	
4321	1	1	1	2	
4470	1	1	1	2	
4619	1	1	1	2	
4768	1	1	1	2	
4917	1	1	1	2	
5066	1	1	1	2	
5215	1	1	1	2	
5364	1	1	1	2	
5513	1	1	1	2	
5662	1	1	1	2	
5811	1	1	1	2	
5960	1	1	1	2	
6109	1	1	1	2	
6258	1	1	1	2	
6407	1	1	1	2	
6556	1	1	1	2	
6705	1	1	1	2	
6854	1	1	1	2	
7003	1	1	1	2	
7152	1	1	1	2	
7301	1	1	1	2	
7450	1	1	1	2	
7599	1	1	1	2	
7748	1	1	1	2	
7897	1	1	1	2	
8046	1	1	1	2	
8195	1	1	1	2	
8344	1	1	1	2	
8493	1	1	1	2	
8642	1	1	1	2	
8791	1	1	1	2	
8940	1	1	1	2	
9089	1	1	1	2	
9238	1	1	1	2	
9387	1	1	1	2	
9536	1	1	1	2	
9685	1	1	1	2	
9834	1	1	1	2	
9983	1	1	1	2	
10132	1	1	1	2	
10281	1	1	1	2	
10430	1	1	1	2	
10579	1	1	1	2	
10728	1	1	1	2	
10877	1	1	1	2	
11026	1	1	1	2	
11175	1	1	1	2	
11324	1	1	1	2	
11473	1	1	1	2	
11622	1	1	1	2	
11771	1	1	1	2	
11920	1	1	1	2	
12069	1	1	1	2	
12218	1	1	1	2	
12367	1	1	1	2	
12516	1	1	1	2	
12665	1	1	1	2	
12814	1	1	1	2	
12963	1	1	1	2	
13112	1	1	1	2	
13261	1	1	1	2	
13410	1	1	1	2	
13559	1	1	1	2	
13708	1	1	1	2	
13857	1	1	1	2	
14006	1	1	1	2	
14155	1	1	1	2	
14304	1	1	1	2	
14453	1	1	1	2	
14602	1	1	1	2	
14751	1	1	1	2	
14900	1	1	1	2	
15049	1	1	1	2	
15198	1	1	1	2	
15347	1	1	1	2	
15496	1	1	1	2	
15645	1	1	1	2	
15794	1	1	1	2	
15943	1	1	1	2	
16092	1	1	1	2	
16241	1	1	1	2	
16390	1	1	1	2	
16539	1	1	1	2	
16688	1	1	1	2	
16837	1	1	1	2	
16986	1	1	1	2	
17135	1	1	1	2	
17284	1	1	1	2	
17433	1	1	1	2	
17582	1	1	1	2	
17731	1	1	1	2	
17880	1	1	1	2	
18029	1	1	1	2	
18178	1	1	1	2	
18327	1	1	1	2	
18476	1	1	1	2	
18625	1	1	1	2	
18774	1	1	1	2	
18923	1	1	1	2	
19072	1	1	1	2	
19221	1	1	1	2	
19370	1	1	1	2	
19519	1	1	1	2	
19668	1	1	1	2	
19817	1	1	1	2	
19966	1	1	1	2	
20115	1	1	1	2	
20264	1	1	1	2	
20413	1	1	1	2	
20562	1	1	1	2	
20711	1	1	1	2	
20860	1	1	1	2	
21009	1	1	1	2	
21158	1	1	1	2	
21307	1	1	1	2	
21456	1	1	1	2	
21605	1	1	1	2	
21754	1	1	1	2	
21903	1	1	1	2	
22052	1	1	1	2	
148	3	1	3	0	
297	3	1	3	0	
446	3	1	3	0	
595	3	1	3	0	
744	3	1	3	0	
893	3	1	3	0	
1042	3	1	3	0	
1191	3	1	3	0	
1340	3	1	3	0	
1489	3	1	3	0	
1638	3	1	3	0	
1787	3	1	3	0	
1936	3	1	3	0	
2085	3	1	3	0	
2234	3	1	3	0	
2383	3	1	3	0	
2532	3	1	3	0	
2681	3	1	3	0	
2830	3	1	3	0	
2979	3	1	3	0	
3128	3	1	3	0	
3277	3	1	3	0	
3426	3	1	3	0	
3575	3	1	3	0	
3724	3	1	3	0	
3873	3	1	3	0	
4022	3	1	3	0	
4171	3	1	3	0	
4320	3	1	3	0	
4469	3	1	3	0	
4618	3	1	3	0	
4767	3	1	3	0	
4916	3	1	3	0	
5065	3	1	3	0	
5214	3	1	3	0	
5363	3	1	3	0	
5512	3	1	3	0	
5661	3	1	3	0	
5810	3	1	3	0	
5959	3	1	3	0	
6108	3	1	3	0	
6257	3	1	3	0	
6406	3	1	3	0	
6555	3	1	3	0	
6704	3	1	3	0	
6853	3	1	3	0	
7002	3	1	3	0	
7151	3	1	3	0	
7300	3	1	3	0	
7449	3	1	3	0	
7598	3	1	3	0	
7747	3	1	3	0	
7896	3	1	3	0	
8045	3	1	3	0	
8194	3	1	3	0	
8343	3	1	3	0	
8492	3	1	3	0	
8641	3	1	3	0	
8790	3	1	3	0	
8939	3	1	3	0	
9088	3	1	3	0	
9237	3	1	3	0	
9386	3	1	3	0	
9535	3	1	3	0	
9684	3	1	3	0	
9833	3	1	3	0	
9982	3	1	3	0	
10131	3	1	3	0	
10280	3	1	3	0	
10429	3	1	3	0	
10578	3	1	3	0	
10727	3	1	3	0	
10876	3	1	3	0	
11025	3	1	3	0	
11174	3	1	3	0	
11323	3	1	3	0	
11472	3	1	3	0	
11621	3	1	3	0	
11770	3	1	3	0	
11919	3	1	3	0	
12068	3	1	3	0	
12217	3	1	3	0	
12366	3	1	3	0	
12515	3	1	3	0	
12664	3	1	3	0	
12813	3	1	3	0	
12962	3	1	3	0	
13111	3	1	3	0	
13260	3	1	3	0	
13409	3	1	3	0	
13558	3	1	3	0	
13707	3	1	3	0	
13856	3	1	3	0	
14005	3	1	3	0	
14154	3	1	3	0	
14303	3	1	3	0	
14452	3	1	3	0	
14601	3	1	3	0	
14750	3	1	3	0	
14899	3	1	3	0	
15048	3	1	3	0	
15197	3	1	3	0	
15346	3	1	3	0	
15495	3	1	3	0	
15644	3	1	3	0	
15793	3	1	3	0	
15942	3	1	3	0	
16091	3	1	3	0	
16240	3	1	3	0	
16389	3	1	3	0	
16538	3	1	3	0	
16687	3	1	3	0	
16836	3	1	3	0	
16985	3	1	3	0	
17134	3	1	3	0	
17283	3	1	3	0	
17432	3	1	3	0	
17581	3	1	3	0	
17730	3	1	3	0	
17879	3	1	3	0	
18028	3	1	3	0	
18177	3	1	3	0	
18326	3	1	3	0	
18475	3	1	3	0	
18624	3	1	3	0	
18773	3	1	3	0	
18922	3	1	3	0	
19071	3	1	3	0	
19220	3	1	3	0	
19369	3	1	3	0	
19518	3	1	3	0	
19667	3	1	3	0	
19816	3	1	3	0	
19965	3	1	3	0	
20114	3	1	3	0	
20263	3	1	3	0	
20412	3	1	3	0	
20561	3	1	3	0	
20710	3	1	3	0	
20859	3	1	3	0	
21008	3	1	3	0	
21157	3	1	3	0	
21306	3	1	3	0	
21455	3	1	3	0	
21604	3	1	3	0	
21753	3	1	3	0	
21902	3	1	3	0	
22051	3	1	3	0	
22200	3	1	3	0	
0	0	1	0	1	
1	0	1	0	1	
2	0	1	0	1	
3	0	1	0	1	
4	0	1	0	1	
5	0	1	0	1	
6	0	1	0	1	
7	0	1	0	1	
8	0	1	0	1	
9	0	1	0	1	
10	0	1	0	1	
11	0	1	0	1	
12	0	1	0	1	
13	0	1	0	1	
14	0	1	0	1	
15	0	1	0	1	
16	0	1	0	1	
17	0	1	0	1	
18	0	1	0	1	
19	0	1	0	1	
20	0	1	0	1	
21	0	1	0	1	
22	0	1	0	1	
23	0	1	0	1	
24	0	1	0	1	
25	0	1	0	1	
26	0	1	0	1	
27	0	1	0	1	
28	0	1	0	1	
29	0	1	0	1	
30	0	1	0	1	
31	0	1	0	1	
32	0	1	0	1	
33	0	1	0	1	
34	0	1	0	1	
35	0	1	0	1	
36	0	1	0	1	
37	0	1	0	1	
38	0	1	0	1	
39	0	1	0	1	
40	0	1	0	1	
41	0	1	0	1	
42	0	1	0	1	
43	0	1	0	1	
44	0	1	0	1	
45	0	1	0	1	
46	0	1	0	1	
47	0	1	0	1	
48	0	1	0	1	
49	0	1	0	1	
50	0	1	0	1	
51	0	1	0	1	
52	0	1	0	1	
53	0	1	0	1	
54	0	1	0	1	
55	0	1	0	1	
56	0	1	0	1	
57	0	1	0	1	
58	0	1	0	1	
59	0	1	0	1	
60	0	1	0	1	
61	0	1	0	1	
62	0	1	0	1	
63	0	1	0	1	
64	0	1	0	1	
65	0	1	0	1	
66	0	1	0	1	
67	0	1	0	1	
68	0	1	0	1	
69	0	1	0	1	
70	0	1	0	1	
71	0	1	0	1	
72	0	1	0	1	
73	0	1	0	1	
74	0	1	0	1	
75	0	1	0	1	
76	0	1	0	1	
77	0	1	0	1	
78	0	1	0	1	
79	0	1	0	1	
80	0	1	0	1	
81	0	1	0	1	
82	0	1	0	1	
83	0	1	0	1	
84	0	1	0	1	
85	0	1	0	1	
86	0	1	0	1	
87	0	1	0	1	
88	0	1	0	1	
89	0	1	0	1	
90	0	1	0	1	
91	0	1	0	1	
92	0	1	0	1	
93	0	1	0	1	
94	0	1	0	1	
95	0	1	0	1	
96	0	1	0	1	
97	0	1	0	1	
98	0	1	0	1	
99	0	1	0	1	
100	0	1	0	1	
101	0	1	0	1	
102	0	1	0	1	
103	0	1	0	1	
104	0	1	0	1	
105	0	1	0	1	
106	0	1	0	1	
107	0	1	0	1	
108	0	1	0	1	
109	0	1	0	1	
110	0	1	0	1	
111	0	1	0	1	
112	0	1	0	1	
113	0	1	0	1	
114	0	1	0	1	
115	0	1	0	1	
116	0	1	0	1	
117	0	1	0	1	
118	0	1	0	1	
119	0	1	0	1	
120	0	1	0	1	
121	0	1	0	1	
122	0	1	0	1	
123	0	1	0	1	
124	0	1	0	1	
125	0	1	0	1	
126	0	1	0	1	
127	0	1	0	1	
128	0	1	0	1	
129	0	1	0	1	
130	0	1	0	1	
131	0	1	0	1	
132	0	1	0	1	
133	0	1	0	1	
134	0	1	0	1	
135	0	1	0	1	
136	0	1	0	1	
137	0	1	0	1	
138	0	1	0	1	
139	0	1	0	1	
140	0	1	0	1	
141	0	1	0	1	
142	0	1	0	1	
143	0	1	0	1	
144	0	1	0	1	
145	0	1	0	1	
146	0	1	0	1	
147	0	1	0	1	
148	0	1	0	1	
22052	2	-1	2	3	
22053	2	-1	2	3	
22054	2	-1	2	3	
22055	2	-1	2	3	
22056	2	-1	2	3	
22057	2	-1	2	3	
22058	2	-1	2	3	
22059	2	-1	2	3	
22060	2	-1	2	3	
22061	2	-1	2	3	
22062	2	-1	2	3	
22063	2	-1	2	3	
22064	2	-1	2	3	
22065	2	-1	2	3	
22066	2	-1	2	3	
22067	2	-1	2	3	
22068	2	-1	2	3	
22069	2	-1	2	3	
22070	2	-1	2	3	
22071	2	-1	2	3	
22072	2	-1	2	3	
22073	2	-1	2	3	
22074	2	-1	2	3	
22075	2	-1	2	3	
22076	2	-1	2	3	
22077	2	-1	2	3	
22078	2	-1	2	3	
22079	2	-1	2	3	
22080	2	-1	2	3	
22081	2	-1	2	3	
22082	2	-1	2	3	
22083	2	-1	2	3	
22084	2	-1	2	3	
22085	2	-1	2	3	
22086	2	-1	2	3	
22087	2	-1	2	3	
22088	2	-1	2	3	
22089	2	-1	2	3	
22090	2	-1	2	3	
22091	2	-1	2	3	
22092	2	-1	2	3	
22093	2	-1	2	3	
22094	2	-1	2	3	
22095	2	-1	2	3	
22096	2	-1	2	3	
22097	2	-1	2	3	
22098	2	-1	2	3	
22099	2	-1	2	3	
22100	2	-1	2	3	
22101	2	-1	2	3	
22102	2	-1	2	3	
22103	2	-1	2	3	
22104	2	-1	2	3	
22105	2	-1	2	3	
22106	2	-1	2	3	
22107	2	-1	2	3	
22108	2	-1	2	3	
22109	2	-1	2	3	
22110	2	-1	2	3	
22111	2	-1	2	3	
22112	2	-1	2	3	
22113	2	-1	2	3	
22114	2	-1	2	3	
22115	2	-1	2	3	
22116	2	-1	2	3	
22117	2	-1	2	3	
22118	2	-1	2	3	
22119	2	-1	2	3	
22120	2	-1	2	3	
22121	2	-1	2	3	
22122	2	-1	2	3	
22123	2	-1	2	3	
22124	2	-1	2	3	
22125	2	-1	2	3	
22126	2	-1	2	3	
22127	2	-1	2	3	
22128	2	-1	2	3	
22129	2	-1	2	3	
22130	2	-1	2	3	
22131	2	-1	2	3	
22132	2	-1	2	3	
22133	2	-1	2	3	
22134	2	-1	2	3	
22135	2	-1	2	3	
22136	2	-1	2	3	
22137	2	-1	2	3	
22138	2	-1	2	3	
22139	2	-1	2	3	
22140	2	-1	2	3	
22141	2	-1	2	3	
22142	2	-1	2	3	
22143	2	-1	2	3	
22144	2	-1	2	3	
22145	2	-1	2	3	
22146	2	-1	2	3	
22147	2	-1	2	3	
22148	2	-1	2	3	
22149	2	-1	2	3	
22150	2	-1	2	3	
22151	2	-1	2	3	
22152	2	-1	2	3	
22153	2	-1	2	3	
22154	2	-1	2	3	
22155	2	-1	2	3	
22156	2	-1	2	3	
22157	2	-1	2	3	
22158	2	-1	2	3	
22159	2	-1	2	3	
22160	2	-1	2	3	
22161	2	-1	2	3	
22162	2	-1	2	3	
22163	2	-1	2	3	
22164	2	-1	2	3	
22165	2	-1	2	3	
22166	2	-1	2	3	
22167	2	-1	2	3	
22168	2	-1	2	3	
22169	2	-1	2	3	
22170	2	-1	2	3	
22171	2	-1	2	3	
22172	2	-1	2	3	
22173	2	-1	2	3	
22174	2	-1	2	3	
22175	2	-1	2	3	
22176	2	-1	2	3	
22177	2	-1	2	3	
22178	2	-1	2	3	
22179	2	-1	2	3	
22180	2	-1	2	3	
22181	2	-1	2	3	
22182	2	-1	2	3	
22183	2	-1	2	3	
22184	2	-1	2	3	
22185	2	-1	2	3	
22186	2	-1	2	3	
22187	2	-1	2	3	
22188	2	-1	2	3	
22189	2	-1	2	3	
22190	2	-1	2	3	
22191	2	-1	2	3	
22192	2	-1	2	3	
22193	2	-1	2	3	
22194	2	-1	2	3	
22195	2	-1	2	3	
22196	2	-1	2	3	
22197	2	-1	2	3	
22198	2	-1	2	3	
22199	2	-1	2	3	
22200	2	-1	2	3	
