1
elemin, elemax, nodemin, nodemax, nedgenode_l, nedgenode_r, NodeIteratorMin, NodeIteratorMax
0 22201 0 22499 0 0 0 22499
2
elemin, elemax, nodemin, nodemax, nedgenode_l, nedgenode_r, NodeIteratorMin, NodeIteratorMax
0 11100 0 11324 0 151 0 11173
11100 22201 11174 22499 151 0 11174 22499
3
elemin, elemax, nodemin, nodemax, nedgenode_l, nedgenode_r, NodeIteratorMin, NodeIteratorMax
0 7400 0 7599 0 151 0 7448
7400 14800 7449 15049 151 151 7449 14898
14800 22201 14899 22499 151 0 14899 22499
4
elemin, elemax, nodemin, nodemax, nedgenode_l, nedgenode_r, NodeIteratorMin, NodeIteratorMax
0 5550 0 5737 0 151 0 5586
5550 11100 5587 11324 151 151 5587 11173
11100 16650 11174 16911 151 151 11174 16760
16650 22201 16761 22499 151 0 16761 22499
5
elemin, elemax, nodemin, nodemax, nedgenode_l, nedgenode_r, NodeIteratorMin, NodeIteratorMax
0 4440 0 4619 0 151 0 4468
4440 8880 4469 9089 151 151 4469 8938
8880 13320 8939 13559 151 151 8939 13408
13320 17760 13409 18029 151 151 13409 17878
17760 22201 17879 22499 151 0 17879 22499
6
elemin, elemax, nodemin, nodemax, nedgenode_l, nedgenode_r, NodeIteratorMin, NodeIteratorMax
0 3700 0 3874 0 151 0 3723
3700 7400 3724 7599 151 151 3724 7448
7400 11100 7449 11324 151 151 7449 11173
11100 14800 11174 15049 151 151 11174 14898
14800 18500 14899 18774 151 151 14899 18623
18500 22201 18624 22499 151 0 18624 22499
7
elemin, elemax, nodemin, nodemax, nedgenode_l, nedgenode_r, NodeIteratorMin, NodeIteratorMax
0 3171 0 3342 0 151 0 3191
3171 6342 3192 6534 151 151 3192 6383
6342 9513 6384 9726 151 151 6384 9575
9513 12684 9576 12919 151 151 9576 12768
12684 15855 12769 16111 151 151 12769 15960
15855 19026 15961 19303 151 151 15961 19152
19026 22201 19153 22499 151 0 19153 22499
8
elemin, elemax, nodemin, nodemax, nedgenode_l, nedgenode_r, NodeIteratorMin, NodeIteratorMax
0 2775 0 2943 0 151 0 2792
2775 5550 2793 5737 151 151 2793 5586
5550 8325 5587 8530 151 151 5587 8379
8325 11100 8380 11324 151 151 8380 11173
11100 13875 11174 14118 151 151 11174 13967
13875 16650 13968 16911 151 151 13968 16760
16650 19425 16761 19705 151 151 16761 19554
19425 22201 19555 22499 151 0 19555 22499
