1
elemin, elemax, nodemin, nodemax, nedgenode_l, nedgenode_r, NodeIteratorMin, NodeIteratorMax
0 797901 0 799999 0 0 0 799999
2
elemin, elemax, nodemin, nodemax, nedgenode_l, nedgenode_r, NodeIteratorMin, NodeIteratorMax
0 398950 0 400249 0 501 0 399748
398950 797901 399749 799999 501 0 399749 799999
3
elemin, elemax, nodemin, nodemax, nedgenode_l, nedgenode_r, NodeIteratorMin, NodeIteratorMax
0 265967 0 266999 0 500 0 266499
265967 531934 266500 533499 500 500 266500 532999
531934 797901 533000 799999 500 0 533000 799999
4
elemin, elemax, nodemin, nodemax, nedgenode_l, nedgenode_r, NodeIteratorMin, NodeIteratorMax
0 199475 0 200374 0 501 0 199873
199475 398950 199874 400249 501 501 199874 399748
398950 598425 399749 600124 501 501 399749 599623
598425 797901 599624 799999 501 0 599624 799999
5
elemin, elemax, nodemin, nodemax, nedgenode_l, nedgenode_r, NodeIteratorMin, NodeIteratorMax
0 159580 0 160399 0 501 0 159898
159580 319160 159899 320299 501 501 159899 319798
319160 478740 319799 480199 501 501 319799 479698
478740 638320 479699 640099 501 501 479699 639598
638320 797901 639599 799999 501 0 639599 799999
6
elemin, elemax, nodemin, nodemax, nedgenode_l, nedgenode_r, NodeIteratorMin, NodeIteratorMax
0 132983 0 133749 0 501 0 133248
132983 265966 133249 266998 501 501 133249 266497
265966 398949 266498 400248 501 501 266498 399747
398949 531932 399748 533497 501 501 399748 532996
531932 664915 532997 666747 501 501 532997 666246
664915 797901 666247 799999 501 0 666247 799999
7
elemin, elemax, nodemin, nodemax, nedgenode_l, nedgenode_r, NodeIteratorMin, NodeIteratorMax
0 113985 0 114713 0 501 0 114212
113985 227970 114213 228926 501 501 114213 228425
227970 341955 228426 343140 501 501 228426 342639
341955 455940 342640 457353 501 501 342640 456852
455940 569925 456853 571567 501 501 456853 571066
569925 683910 571067 685780 501 501 571067 685279
683910 797901 685280 799999 501 0 685280 799999
8
elemin, elemax, nodemin, nodemax, nedgenode_l, nedgenode_r, NodeIteratorMin, NodeIteratorMax
0 99737 0 100436 0 501 0 99935
99737 199474 99936 200373 501 501 99936 199872
199474 299211 199873 300310 501 501 199873 299809
299211 398948 299810 400247 501 501 299810 399746
398948 498685 399747 500184 501 501 399747 499683
498685 598422 499684 600121 501 501 499684 599620
598422 698159 599621 700058 501 501 599621 699557
698159 797901 699558 799999 501 0 699558 799999
9
elemin, elemax, nodemin, nodemax, nedgenode_l, nedgenode_r, NodeIteratorMin, NodeIteratorMax
0 88655 0 89332 0 501 0 88831
88655 177310 88832 178165 501 501 88832 177664
177310 265965 177665 266997 501 501 177665 266496
265965 354620 266497 355830 501 501 266497 355329
354620 443275 355330 444663 501 501 355330 444162
443275 531930 444163 533495 501 501 444163 532994
531930 620585 532995 622328 501 501 532995 621827
620585 709240 621828 711161 501 501 621828 710660
709240 797901 710661 799999 501 0 710661 799999
10
elemin, elemax, nodemin, nodemax, nedgenode_l, nedgenode_r, NodeIteratorMin, NodeIteratorMax
0 79790 0 80449 0 501 0 79948
79790 159580 79949 160399 501 501 79949 159898
159580 239370 159899 240349 501 501 159899 239848
239370 319160 239849 320299 501 501 239849 319798
319160 398950 319799 400249 501 501 319799 399748
398950 478740 399749 480199 501 501 399749 479698
478740 558530 479699 560149 501 501 479699 559648
558530 638320 559649 640099 501 501 559649 639598
638320 718110 639599 720049 501 501 639599 719548
718110 797901 719549 799999 501 0 719549 799999
11
elemin, elemax, nodemin, nodemax, nedgenode_l, nedgenode_r, NodeIteratorMin, NodeIteratorMax
0 72536 0 73181 0 501 0 72680
72536 145072 72681 145862 501 501 72681 145361
145072 217608 145362 218544 501 501 145362 218043
217608 290144 218044 291225 501 501 218044 290724
290144 362680 290725 363906 501 501 290725 363405
362680 435216 363406 436588 501 501 363406 436087
435216 507752 436088 509269 501 501 436088 508768
507752 580288 508769 581950 501 501 508769 581449
580288 652824 581450 654632 501 501 581450 654131
652824 725360 654132 727313 501 501 654132 726812
725360 797901 726813 799999 501 0 726813 799999
12
elemin, elemax, nodemin, nodemax, nedgenode_l, nedgenode_r, NodeIteratorMin, NodeIteratorMax
0 66491 0 67124 0 501 0 66623
66491 132982 66624 133748 501 501 66624 133247
132982 199473 133248 200372 501 501 133248 199871
199473 265964 199872 266996 501 501 199872 266495
265964 332455 266496 333621 501 501 266496 333120
332455 398946 333121 400245 501 501 333121 399744
398946 465437 399745 466869 501 501 399745 466368
465437 531928 466369 533493 501 501 466369 532992
531928 598419 532993 600118 501 501 532993 599617
598419 664910 599618 666742 501 501 599618 666241
664910 731401 666242 733366 501 501 666242 732865
731401 797901 732866 799999 501 0 732866 799999
13
elemin, elemax, nodemin, nodemax, nedgenode_l, nedgenode_r, NodeIteratorMin, NodeIteratorMax
0 61377 0 61999 0 500 0 61499
61377 122754 61500 123499 500 500 61500 122999
122754 184131 123000 184999 500 500 123000 184499
184131 245508 184500 246499 500 500 184500 245999
245508 306885 246000 307999 500 500 246000 307499
306885 368262 307500 369499 500 500 307500 368999
368262 429639 369000 430999 500 500 369000 430499
429639 491016 430500 492499 500 500 430500 491999
491016 552393 492000 553999 500 500 492000 553499
552393 613770 553500 615499 500 500 553500 614999
613770 675147 615000 676999 500 500 615000 676499
675147 736524 676500 738499 500 500 676500 737999
736524 797901 738000 799999 500 0 738000 799999
14
elemin, elemax, nodemin, nodemax, nedgenode_l, nedgenode_r, NodeIteratorMin, NodeIteratorMax
0 56992 0 57606 0 501 0 57105
56992 113984 57106 114712 501 501 57106 114211
113984 170976 114212 171818 501 501 114212 171317
170976 227968 171318 228924 501 501 171318 228423
227968 284960 228424 286031 501 501 228424 285530
284960 341952 285531 343137 501 501 285531 342636
341952 398944 342637 400243 501 501 342637 399742
398944 455936 399743 457349 501 501 399743 456848
455936 512928 456849 514455 501 501 456849 513954
512928 569920 513955 571562 501 501 513955 571061
569920 626912 571062 628668 501 501 571062 628167
626912 683904 628168 685774 501 501 628168 685273
683904 740896 685274 742880 501 501 685274 742379
740896 797901 742380 799999 501 0 742380 799999
15
elemin, elemax, nodemin, nodemax, nedgenode_l, nedgenode_r, NodeIteratorMin, NodeIteratorMax
0 53193 0 53799 0 501 0 53298
53193 106386 53299 107099 501 501 53299 106598
106386 159579 106599 160398 501 501 106599 159897
159579 212772 159898 213698 501 501 159898 213197
212772 265965 213198 266997 501 501 213198 266496
265965 319158 266497 320297 501 501 266497 319796
319158 372351 319797 373597 501 501 319797 373096
372351 425544 373097 426896 501 501 373097 426395
425544 478737 426396 480196 501 501 426396 479695
478737 531930 479696 533495 501 501 479696 532994
531930 585123 532995 586795 501 501 532995 586294
585123 638316 586295 640095 501 501 586295 639594
638316 691509 639595 693394 501 501 639595 692893
691509 744702 692894 746694 501 501 692894 746193
744702 797901 746194 799999 501 0 746194 799999
16
elemin, elemax, nodemin, nodemax, nedgenode_l, nedgenode_r, NodeIteratorMin, NodeIteratorMax
0 49868 0 50467 0 501 0 49966
49868 99736 49967 100435 501 501 49967 99934
99736 149604 99935 150403 501 501 99935 149902
149604 199472 149903 200371 501 501 149903 199870
199472 249340 199871 250339 501 501 199871 249838
249340 299208 249839 300307 501 501 249839 299806
299208 349076 299807 350275 501 501 299807 349774
349076 398944 349775 400243 501 501 349775 399742
398944 448812 399743 450211 501 501 399743 449710
448812 498680 449711 500179 501 501 449711 499678
498680 548548 499679 550147 501 501 499679 549646
548548 598416 549647 600115 501 501 549647 599614
598416 648284 599615 650083 501 501 599615 649582
648284 698152 649583 700051 501 501 649583 699550
698152 748020 699551 750019 501 501 699551 749518
748020 797901 749519 799999 501 0 749519 799999
